timestamp_ms,global_ms,accel_x,accel_y,accel_z,accel_mag,temp_c,voltage,soc,loop_us
2,1830002,17068,-584,940,17103.84,27.12,-1.00,-1.0,2496
9,1830009,17016,-464,836,17042.84,27.02,-1.00,-1.0,2451
12,1830012,17024,-512,912,17056.10,27.02,-1.00,-1.0,2370
14,1830014,17056,-552,1096,17100.09,27.17,-1.00,-1.0,2378
17,1830017,17112,-512,844,17140.45,27.12,-1.00,-1.0,2421
20,1830020,17016,-584,956,17052.84,26.98,-1.00,-1.0,2374
22,1830022,17056,-600,980,17094.66,27.02,-1.00,-1.0,2425
25,1830025,17032,-468,924,17063.46,27.02,-1.00,-1.0,2378
28,1830028,17132,-596,936,17167.90,26.93,-1.00,-1.0,2422
31,1830031,17040,-564,960,17076.34,27.02,-1.00,-1.0,2377
35,1830035,17100,-480,904,17130.61,27.07,-1.00,-1.0,2442
38,1830038,17060,-592,832,17090.53,26.98,-1.00,-1.0,2368
41,1830041,16972,-656,892,17008.08,26.98,-1.00,-1.0,2426
44,1830044,17008,-504,896,17039.04,27.07,-1.00,-1.0,2371
46,1830046,17104,-716,884,17141.79,27.02,-1.00,-1.0,2369
49,1830049,17032,-456,944,17064.23,27.02,-1.00,-1.0,2420
52,1830052,17032,-548,880,17063.52,27.02,-1.00,-1.0,2376
55,1830055,16984,-604,1012,17024.84,27.07,-1.00,-1.0,2422
57,1830057,16988,-568,848,17018.63,27.02,-1.00,-1.0,2379
62,1830062,17048,-608,700,17073.20,27.02,-1.00,-1.0,2452
65,1830065,16984,-576,848,17014.91,27.02,-1.00,-1.0,2374
68,1830068,17028,-680,1048,17073.77,26.98,-1.00,-1.0,2422
70,1830070,17028,-520,772,17053.42,27.02,-1.00,-1.0,2381
73,1830073,17060,-496,872,17089.47,27.07,-1.00,-1.0,2366
76,1830076,17056,-636,1080,17101.99,26.98,-1.00,-1.0,2425
79,1830079,17088,-632,1076,17133.50,26.98,-1.00,-1.0,2371
81,1830081,17024,-512,900,17055.46,27.02,-1.00,-1.0,2419
84,1830084,17004,-596,1044,17046.44,26.98,-1.00,-1.0,2372
89,1830089,17032,-596,896,17065.96,27.07,-1.00,-1.0,2426
92,1830092,17044,-656,972,17084.29,27.07,-1.00,-1.0,2370
95,1830095,17012,-548,1036,17052.32,26.98,-1.00,-1.0,2419
97,1830097,16980,-472,824,17006.53,26.98,-1.00,-1.0,2372
100,1830100,17136,-544,984,17172.85,27.17,-1.00,-1.0,2375
103,1830103,17052,-568,1036,17092.88,27.02,-1.00,-1.0,2422
105,1830105,16916,-556,1020,16955.84,27.12,-1.00,-1.0,2373
108,1830108,17000,-484,844,17027.82,27.02,-1.00,-1.0,2433
111,1830111,17116,-488,964,17150.07,27.07,-1.00,-1.0,2368
116,1830116,16956,-616,872,16989.58,27.07,-1.00,-1.0,2447
119,1830119,16996,-532,1016,17034.65,27.07,-1.00,-1.0,2369
121,1830121,16940,-492,924,16972.31,27.12,-1.00,-1.0,2421
124,1830124,17076,-548,960,17111.74,27.12,-1.00,-1.0,2372
127,1830127,16936,-552,992,16974.01,27.12,-1.00,-1.0,2426
130,1830130,17028,-604,936,17064.40,27.12,-1.00,-1.0,2359
132,1830132,16968,-660,924,17005.95,26.98,-1.00,-1.0,2387
135,1830135,17060,-568,860,17091.10,27.07,-1.00,-1.0,2421
138,1830138,17072,-536,908,17104.53,27.07,-1.00,-1.0,2374
143,1830143,17072,-508,1020,17109.99,27.17,-1.00,-1.0,2451
145,1830145,17020,-504,896,17051.02,27.12,-1.00,-1.0,2378
148,1830148,16964,-512,960,16998.85,27.07,-1.00,-1.0,2418
151,1830151,17060,-660,948,17099.06,27.07,-1.00,-1.0,2375
154,1830154,17092,-568,868,17123.45,26.98,-1.00,-1.0,2420
156,1830156,17052,-632,920,17088.49,27.07,-1.00,-1.0,2382
159,1830159,17036,-552,924,17069.97,26.98,-1.00,-1.0,2419
162,1830162,17044,-580,1076,17087.78,26.98,-1.00,-1.0,2375
165,1830165,16992,-552,960,17028.05,27.12,-1.00,-1.0,2367
170,1830170,16900,-556,940,16935.25,27.02,-1.00,-1.0,2438
172,1830172,16940,-564,964,16976.78,27.07,-1.00,-1.0,2368
175,1830175,17040,-584,852,17071.28,27.02,-1.00,-1.0,2417
178,1830178,17020,-504,960,17054.50,27.17,-1.00,-1.0,2372
181,1830181,17116,-664,920,17153.56,27.02,-1.00,-1.0,2418
183,1830183,17000,-560,912,17033.65,26.98,-1.00,-1.0,2372
186,1830186,16984,-596,1088,17029.25,26.93,-1.00,-1.0,2418
189,1830189,17056,-604,928,17091.90,26.98,-1.00,-1.0,2372
194,1830194,17104,-616,1016,17145.22,27.07,-1.00,-1.0,2439
196,1830196,16960,-512,856,16989.30,27.07,-1.00,-1.0,2376
199,1830199,17072,-616,964,17110.29,27.12,-1.00,-1.0,2366
202,1830202,17016,-548,896,17048.38,27.07,-1.00,-1.0,2425
205,1830205,17084,-504,1096,17126.54,27.02,-1.00,-1.0,2370
207,1830207,17044,-648,940,17082.20,27.07,-1.00,-1.0,2426
210,1830210,17184,-628,1008,17224.99,27.02,-1.00,-1.0,2376
213,1830213,16968,-572,932,17003.20,27.07,-1.00,-1.0,2427
216,1830216,17036,-608,920,17071.65,27.02,-1.00,-1.0,2372
220,1830220,16968,-556,1048,17009.42,27.07,-1.00,-1.0,2450
223,1830223,16880,-528,1000,16917.84,27.07,-1.00,-1.0,2385
226,1830226,16996,-520,884,17026.92,27.12,-1.00,-1.0,2418
229,1830229,17072,-536,1012,17110.37,27.07,-1.00,-1.0,2374
231,1830231,17092,-640,916,17128.49,27.02,-1.00,-1.0,2366
234,1830234,17092,-488,868,17120.98,27.02,-1.00,-1.0,2418
237,1830237,17004,-640,928,17041.33,27.12,-1.00,-1.0,2372
240,1830240,17044,-544,916,17077.26,27.02,-1.00,-1.0,2418
242,1830242,17044,-504,1104,17087.15,26.98,-1.00,-1.0,2373
247,1830247,17004,-568,912,17037.91,27.02,-1.00,-1.0,2446
250,1830250,17016,-632,1056,17060.45,27.07,-1.00,-1.0,2368
253,1830253,16936,-524,932,16969.72,27.02,-1.00,-1.0,2420
255,1830255,16956,-516,844,16984.83,27.02,-1.00,-1.0,2374
258,1830258,17004,-580,980,17042.09,27.02,-1.00,-1.0,2418
261,1830261,17016,-560,860,17046.92,27.02,-1.00,-1.0,2372
264,1830264,17084,-608,756,17111.52,27.12,-1.00,-1.0,2368
266,1830266,17140,-568,972,17176.93,27.07,-1.00,-1.0,2434
269,1830269,16968,-592,1068,17011.88,27.07,-1.00,-1.0,2375
274,1830274,17000,-616,932,17036.67,27.07,-1.00,-1.0,2440
277,1830277,16964,-556,1012,17003.25,27.07,-1.00,-1.0,2368
280,1830280,17052,-512,956,17086.45,27.07,-1.00,-1.0,2426
283,1830283,17052,-516,1000,17089.09,27.07,-1.00,-1.0,2357
285,1830285,17032,-572,972,17069.30,27.07,-1.00,-1.0,2419
288,1830288,17020,-620,908,17055.48,27.07,-1.00,-1.0,2377
291,1830291,17008,-532,920,17041.17,27.17,-1.00,-1.0,2425
294,1830294,17060,-544,968,17096.10,26.98,-1.00,-1.0,2372
296,1830296,17036,-492,924,17068.13,27.17,-1.00,-1.0,2376
301,1830301,17024,-496,868,17053.33,26.98,-1.00,-1.0,2440
304,1830304,17000,-556,940,17035.04,27.07,-1.00,-1.0,2369
307,1830307,16956,-620,1032,16998.69,27.02,-1.00,-1.0,2426
310,1830310,17036,-512,1076,17077.62,26.98,-1.00,-1.0,2374
312,1830312,17008,-564,920,17042.20,27.02,-1.00,-1.0,2433
315,1830315,16940,-552,896,16972.66,26.98,-1.00,-1.0,2376
318,1830318,17004,-488,1052,17043.50,27.02,-1.00,-1.0,2421
321,1830321,17044,-488,920,17075.79,27.07,-1.00,-1.0,2377
326,1830326,17032,-532,1020,17070.81,27.07,-1.00,-1.0,2440
328,1830328,17064,-516,964,17099.00,27.07,-1.00,-1.0,2369
331,1830331,17056,-532,900,17088.01,27.02,-1.00,-1.0,2418
334,1830334,17092,-568,968,17128.81,27.07,-1.00,-1.0,2379
336,1830336,17056,-592,908,17090.41,27.02,-1.00,-1.0,2375
339,1830339,17112,-524,816,17139.46,27.17,-1.00,-1.0,2418
342,1830342,17104,-580,860,17135.43,27.12,-1.00,-1.0,2372
345,1830345,16944,-624,880,16978.31,26.98,-1.00,-1.0,2420
347,1830347,17012,-484,980,17047.08,27.02,-1.00,-1.0,2375
352,1830352,16940,-564,908,16973.69,27.02,-1.00,-1.0,2448
355,1830355,17016,-552,924,17050.01,27.02,-1.00,-1.0,2375
358,1830358,17032,-544,932,17066.15,27.02,-1.00,-1.0,2421
361,1830361,17008,-588,936,17043.88,27.02,-1.00,-1.0,2372
363,1830363,17064,-484,892,17094.15,27.07,-1.00,-1.0,2366
366,1830366,17040,-592,1004,17079.81,27.07,-1.00,-1.0,2421
369,1830369,16956,-684,1024,17000.66,27.07,-1.00,-1.0,2372
372,1830372,16996,-580,1044,17037.91,26.98,-1.00,-1.0,2418
374,1830374,17004,-564,916,17037.99,27.07,-1.00,-1.0,2375
379,1830379,17000,-512,832,17028.05,27.07,-1.00,-1.0,2448
382,1830382,17008,-560,868,17039.34,27.02,-1.00,-1.0,2376
385,1830385,16984,-644,1052,17028.73,27.07,-1.00,-1.0,2418
388,1830388,17036,-440,924,17066.71,27.12,-1.00,-1.0,2376
391,1830391,16956,-484,964,16990.28,27.07,-1.00,-1.0,2419
393,1830393,17036,-588,888,17069.26,27.17,-1.00,-1.0,2375
396,1830396,17140,-580,988,17178.25,26.98,-1.00,-1.0,2418
399,1830399,17008,-496,992,17044.12,27.12,-1.00,-1.0,2374
402,1830402,16984,-604,888,17017.92,27.07,-1.00,-1.0,2367
406,1830406,17092,-544,816,17120.11,27.07,-1.00,-1.0,2441
409,1830409,16932,-588,836,16962.82,27.07,-1.00,-1.0,2376
412,1830412,16972,-540,976,17008.62,26.98,-1.00,-1.0,2419
415,1830415,17040,-548,984,17077.18,27.07,-1.00,-1.0,2373
418,1830418,17052,-628,1076,17097.45,27.07,-1.00,-1.0,2418
420,1830420,16948,-568,888,16980.75,26.98,-1.00,-1.0,2375
423,1830423,17176,-616,936,17212.51,27.07,-1.00,-1.0,2419
426,1830426,17000,-604,912,17035.16,26.98,-1.00,-1.0,2373
431,1830431,17032,-600,932,17068.03,27.07,-1.00,-1.0,2439
433,1830433,17036,-496,1044,17075.16,26.98,-1.00,-1.0,2369
436,1830436,17064,-604,968,17102.10,27.02,-1.00,-1.0,2368
439,1830439,16992,-612,1056,17035.78,27.07,-1.00,-1.0,2430
441,1830441,16988,-532,872,17018.68,27.12,-1.00,-1.0,2373
444,1830444,16988,-588,952,17024.81,26.98,-1.00,-1.0,2432
447,1830447,16928,-580,900,16961.83,27.02,-1.00,-1.0,2379
450,1830450,17096,-548,860,17126.39,26.98,-1.00,-1.0,2431
453,1830453,16944,-516,1012,16982.04,27.07,-1.00,-1.0,2371
457,1830457,17024,-456,952,17056.69,27.07,-1.00,-1.0,2440
460,1830460,17056,-540,888,17087.63,26.98,-1.00,-1.0,2368
463,1830463,16956,-532,944,16990.59,27.12,-1.00,-1.0,2423
465,1830465,16952,-556,1008,16991.04,27.07,-1.00,-1.0,2372
468,1830468,16936,-596,1156,16985.87,27.02,-1.00,-1.0,2366
471,1830471,17020,-612,912,17055.40,26.98,-1.00,-1.0,2425
474,1830474,17056,-480,848,17083.81,27.02,-1.00,-1.0,2354
477,1830477,17012,-600,880,17045.31,27.12,-1.00,-1.0,2419
480,1830480,17040,-584,1100,17085.45,27.02,-1.00,-1.0,2368
485,1830485,17128,-612,1056,17171.43,27.12,-1.00,-1.0,2440
487,1830487,16980,-488,976,17015.03,27.02,-1.00,-1.0,2365
490,1830490,17008,-556,972,17044.82,27.12,-1.00,-1.0,2418
493,1830493,17052,-556,1020,17091.53,27.02,-1.00,-1.0,2372
496,1830496,17080,-604,980,17118.75,27.02,-1.00,-1.0,2418
498,1830498,17108,-548,908,17140.84,27.12,-1.00,-1.0,2372
501,1830501,17020,-528,972,17055.91,26.98,-1.00,-1.0,2375
504,1830504,17056,-496,864,17085.07,26.98,-1.00,-1.0,2430
507,1830507,16956,-564,1020,16996.01,26.98,-1.00,-1.0,2370
512,1830512,17076,-600,724,17101.87,27.07,-1.00,-1.0,2439
514,1830514,17044,-544,1028,17083.64,27.02,-1.00,-1.0,2368
517,1830517,17040,-568,1000,17078.77,27.07,-1.00,-1.0,2418
520,1830520,17036,-532,796,17062.88,27.02,-1.00,-1.0,2379
523,1830523,17024,-528,868,17054.29,27.07,-1.00,-1.0,2418
525,1830525,17044,-568,884,17076.36,27.02,-1.00,-1.0,2372
528,1830528,16996,-756,892,17036.17,27.07,-1.00,-1.0,2419
531,1830531,17056,-632,992,17096.51,27.02,-1.00,-1.0,2380
534,1830534,17080,-464,904,17110.20,27.07,-1.00,-1.0,2368
539,1830539,17072,-572,968,17108.99,26.98,-1.00,-1.0,2439
541,1830541,17088,-604,1048,17130.76,27.07,-1.00,-1.0,2372
544,1830544,16968,-540,800,16995.43,27.07,-1.00,-1.0,2434
547,1830547,17044,-528,792,17070.56,27.07,-1.00,-1.0,2375
550,1830550,17072,-520,1004,17109.40,27.07,-1.00,-1.0,2430
552,1830552,17096,-508,968,17130.92,27.07,-1.00,-1.0,2373
555,1830555,17040,-672,904,17077.19,27.02,-1.00,-1.0,2432
558,1830558,17048,-492,920,17079.89,27.17,-1.00,-1.0,2380
563,1830563,16924,-540,888,16955.88,26.98,-1.00,-1.0,2447
566,1830566,16932,-588,992,16971.22,27.07,-1.00,-1.0,2371
568,1830568,17024,-608,1088,17069.56,27.12,-1.00,-1.0,2355
571,1830571,16976,-532,1036,17015.90,27.12,-1.00,-1.0,2419
574,1830574,17112,-628,1112,17159.59,26.93,-1.00,-1.0,2373
577,1830577,17096,-464,956,17128.99,27.02,-1.00,-1.0,2420
579,1830579,16972,-556,976,17009.13,27.02,-1.00,-1.0,2374
582,1830582,16952,-636,1096,16999.29,27.12,-1.00,-1.0,2419
585,1830585,16976,-444,880,17004.59,27.12,-1.00,-1.0,2374
590,1830590,17080,-588,964,17117.29,27.02,-1.00,-1.0,2444
592,1830592,16972,-644,924,17009.33,27.07,-1.00,-1.0,2377
595,1830595,17004,-620,1008,17045.13,27.12,-1.00,-1.0,2418
598,1830598,17024,-556,832,17053.38,27.02,-1.00,-1.0,2359
601,1830601,17052,-560,868,17083.26,26.98,-1.00,-1.0,2367
603,1830603,16996,-540,1076,17038.59,26.98,-1.00,-1.0,2418
606,1830606,17032,-528,868,17062.28,27.12,-1.00,-1.0,2359
609,1830609,17020,-624,992,17060.30,27.07,-1.00,-1.0,2426
612,1830612,17076,-564,844,17106.14,27.02,-1.00,-1.0,2374
617,1830617,17092,-640,1012,17133.89,27.02,-1.00,-1.0,2442
619,1830619,17040,-540,944,17074.67,26.93,-1.00,-1.0,2377
622,1830622,17020,-628,1016,17061.86,26.98,-1.00,-1.0,2419
625,1830625,16972,-580,1076,17015.96,26.93,-1.00,-1.0,2361
628,1830628,17052,-524,1068,17093.45,26.98,-1.00,-1.0,2420
630,1830630,17004,-612,1056,17047.75,27.02,-1.00,-1.0,2376
633,1830633,17020,-576,960,17056.78,26.98,-1.00,-1.0,2419
636,1830636,17028,-624,1116,17075.94,27.12,-1.00,-1.0,2372
639,1830639,16936,-608,944,16973.18,27.07,-1.00,-1.0,2368
644,1830644,17056,-628,956,17094.31,26.98,-1.00,-1.0,2439
646,1830646,17036,-556,952,17071.63,27.07,-1.00,-1.0,2368
649,1830649,17004,-492,964,17038.41,27.07,-1.00,-1.0,2418
652,1830652,17016,-620,872,17049.61,27.07,-1.00,-1.0,2372
655,1830655,17108,-632,924,17144.59,27.02,-1.00,-1.0,2420
657,1830657,16968,-580,1004,17007.57,27.07,-1.00,-1.0,2359
660,1830660,17000,-656,976,17040.62,27.07,-1.00,-1.0,2419
663,1830663,17052,-536,1044,17092.34,27.02,-1.00,-1.0,2437
668,1830668,17080,-544,908,17112.77,27.02,-1.00,-1.0,2448
671,1830671,16964,-508,840,16992.38,27.02,-1.00,-1.0,2366
673,1830673,16992,-588,876,17024.72,27.07,-1.00,-1.0,2368
676,1830676,16984,-596,1016,17024.80,27.07,-1.00,-1.0,2409
679,1830679,17072,-680,812,17104.82,27.07,-1.00,-1.0,2371
682,1830682,17044,-588,984,17082.50,26.98,-1.00,-1.0,2422
684,1830684,17004,-568,960,17040.55,27.07,-1.00,-1.0,2368
687,1830687,17000,-460,1068,17039.72,27.07,-1.00,-1.0,2409
690,1830690,17056,-632,1008,17097.45,27.07,-1.00,-1.0,2366
695,1830695,17084,-516,952,17118.28,27.07,-1.00,-1.0,2442
697,1830697,17052,-504,940,17085.32,27.07,-1.00,-1.0,2368
700,1830700,16980,-540,888,17011.78,27.07,-1.00,-1.0,2421
703,1830703,17016,-572,1032,17056.86,27.07,-1.00,-1.0,2368
706,1830706,17004,-460,920,17035.08,27.02,-1.00,-1.0,2366
708,1830708,17012,-604,1036,17054.21,27.12,-1.00,-1.0,2429
711,1830711,17064,-416,992,17097.87,27.02,-1.00,-1.0,2368
714,1830714,17020,-468,992,17055.31,27.02,-1.00,-1.0,2429
717,1830717,17024,-496,1004,17060.79,27.12,-1.00,-1.0,2373
722,1830722,17080,-604,876,17113.11,27.02,-1.00,-1.0,2441
725,1830725,17000,-592,940,17036.26,27.07,-1.00,-1.0,2367
727,1830727,17008,-544,912,17041.12,26.98,-1.00,-1.0,2421
730,1830730,17080,-604,976,17118.52,27.07,-1.00,-1.0,2368
733,1830733,17032,-500,1036,17070.80,27.02,-1.00,-1.0,2428
736,1830736,16960,-552,928,16994.34,27.07,-1.00,-1.0,2367
738,1830738,16964,-604,956,17001.65,27.02,-1.00,-1.0,2365
741,1830741,16988,-568,1052,17030.02,26.98,-1.00,-1.0,2430
744,1830744,17060,-540,936,17094.19,27.12,-1.00,-1.0,2374
749,1830749,16968,-464,972,17002.15,27.02,-1.00,-1.0,2446
752,1830752,17044,-596,980,17082.55,27.02,-1.00,-1.0,2366
754,1830754,16992,-572,1080,17035.89,27.02,-1.00,-1.0,2423
757,1830757,16928,-632,944,16966.08,27.12,-1.00,-1.0,2367
760,1830760,17080,-564,948,17115.58,27.02,-1.00,-1.0,2427
763,1830763,16976,-568,824,17005.47,27.12,-1.00,-1.0,2366
765,1830765,17052,-424,880,17079.96,27.02,-1.00,-1.0,2421
768,1830768,17148,-560,896,17180.52,27.12,-1.00,-1.0,2368
771,1830771,17124,-520,912,17156.15,27.07,-1.00,-1.0,2373
776,1830776,17016,-580,932,17051.37,27.02,-1.00,-1.0,2442
779,1830779,16992,-500,916,17024.02,27.02,-1.00,-1.0,2366
781,1830781,17140,-556,1020,17179.32,27.07,-1.00,-1.0,2426
784,1830784,16984,-588,960,17021.27,27.12,-1.00,-1.0,2368
787,1830787,17036,-600,960,17073.57,26.98,-1.00,-1.0,2429
790,1830790,17012,-564,892,17044.70,26.93,-1.00,-1.0,2354
792,1830792,16940,-632,796,16970.46,27.07,-1.00,-1.0,2422
795,1830795,16992,-532,876,17022.88,27.02,-1.00,-1.0,2368
800,1830800,17100,-640,1004,17141.40,26.93,-1.00,-1.0,2440
803,1830803,16992,-516,1076,17033.85,27.02,-1.00,-1.0,2366
805,1830805,16952,-508,932,16985.20,26.98,-1.00,-1.0,2366
808,1830808,17064,-540,1028,17103.46,27.07,-1.00,-1.0,2435
811,1830811,17084,-484,1024,17121.50,26.88,-1.00,-1.0,2376
814,1830814,16964,-556,928,16998.46,27.07,-1.00,-1.0,2435
816,1830816,16936,-608,948,16973.40,27.07,-1.00,-1.0,2373
819,1830819,16964,-624,968,17003.05,27.07,-1.00,-1.0,2431
822,1830822,16960,-576,948,16996.24,26.98,-1.00,-1.0,2355
827,1830827,16972,-592,868,17004.49,27.17,-1.00,-1.0,2448
830,1830830,17052,-540,868,17082.62,27.07,-1.00,-1.0,2366
832,1830832,17132,-520,968,17167.20,27.07,-1.00,-1.0,2435
835,1830835,17020,-472,876,17049.06,27.07,-1.00,-1.0,2375
838,1830838,17076,-556,948,17111.33,27.02,-1.00,-1.0,2366
841,1830841,17044,-572,1052,17086.01,26.93,-1.00,-1.0,2421
843,1830843,16976,-548,892,17008.25,27.02,-1.00,-1.0,2367
846,1830846,17020,-544,848,17049.79,27.12,-1.00,-1.0,2421
849,1830849,16916,-560,876,16947.92,27.02,-1.00,-1.0,2367
854,1830854,16992,-532,908,17024.56,27.12,-1.00,-1.0,2440
857,1830857,17052,-664,1044,17096.83,27.02,-1.00,-1.0,2369
859,1830859,16964,-616,980,17003.45,27.07,-1.00,-1.0,2422
862,1830862,16972,-568,892,17004.91,27.02,-1.00,-1.0,2367
865,1830865,17084,-624,884,17118.23,27.07,-1.00,-1.0,2428
868,1830868,17028,-480,844,17055.66,27.02,-1.00,-1.0,2366
870,1830870,17044,-616,852,17076.40,26.98,-1.00,-1.0,2365
873,1830873,17072,-548,1076,17114.65,27.02,-1.00,-1.0,2421
876,1830876,17196,-624,1160,17246.37,27.02,-1.00,-1.0,2367
881,1830881,16968,-512,980,17003.99,27.02,-1.00,-1.0,2440
883,1830883,17008,-640,876,17042.57,26.98,-1.00,-1.0,2369
886,1830886,17044,-468,932,17075.88,27.02,-1.00,-1.0,2436
889,1830889,17092,-488,1032,17130.08,27.02,-1.00,-1.0,2375
892,1830892,17016,-500,888,17046.49,27.02,-1.00,-1.0,2436
894,1830894,17064,-504,1056,17104.07,27.02,-1.00,-1.0,2375
897,1830897,16952,-612,864,16985.03,27.02,-1.00,-1.0,2421
900,1830900,16984,-556,968,17020.65,27.02,-1.00,-1.0,2368
903,1830903,16956,-528,972,16992.04,27.02,-1.00,-1.0,2366
908,1830908,16924,-616,1004,16964.94,27.02,-1.00,-1.0,2441
911,1830911,17020,-596,972,17058.15,27.02,-1.00,-1.0,2366
914,1830914,17036,-584,944,17072.13,27.07,-1.00,-1.0,2421
916,1830916,17008,-620,972,17047.03,27.12,-1.00,-1.0,2369
919,1830919,17064,-588,808,17093.24,27.07,-1.00,-1.0,2421
922,1830922,17072,-612,828,17103.02,26.93,-1.00,-1.0,2369
925,1830925,16972,-624,988,17012.18,27.07,-1.00,-1.0,2421
927,1830927,17036,-580,932,17071.33,27.02,-1.00,-1.0,2368
932,1830932,17036,-564,1032,17076.54,27.02,-1.00,-1.0,2446
935,1830935,17032,-552,916,17065.54,27.02,-1.00,-1.0,2367
938,1830938,17100,-512,992,17136.40,26.98,-1.00,-1.0,2364
940,1830940,17036,-476,976,17070.57,27.12,-1.00,-1.0,2424
943,1830943,16976,-588,1000,17015.59,26.98,-1.00,-1.0,2368
946,1830946,16980,-588,1036,17021.73,26.93,-1.00,-1.0,2423
949,1830949,17088,-528,968,17123.54,26.98,-1.00,-1.0,2367
951,1830951,17060,-544,1068,17102.05,26.93,-1.00,-1.0,2422
954,1830954,17048,-472,936,17080.20,26.98,-1.00,-1.0,2367
959,1830959,17012,-616,972,17050.88,27.07,-1.00,-1.0,2441
962,1830962,16992,-612,860,17024.75,27.07,-1.00,-1.0,2366
965,1830965,17084,-596,924,17119.35,26.98,-1.00,-1.0,2408
967,1830967,17136,-532,928,17169.35,27.17,-1.00,-1.0,2368
970,1830970,17024,-568,824,17053.39,27.02,-1.00,-1.0,2376
973,1830973,17032,-444,972,17065.49,26.98,-1.00,-1.0,2433
975,1830975,17004,-500,824,17031.29,27.12,-1.00,-1.0,2370
978,1830978,17076,-588,908,17110.23,26.98,-1.00,-1.0,2431
981,1830981,17088,-568,1008,17127.12,27.07,-1.00,-1.0,2368
986,1830986,16992,-512,972,17027.48,27.02,-1.00,-1.0,2472
989,1830989,17000,-680,896,17037.17,27.02,-1.00,-1.0,2368
992,1830992,16932,-488,1000,16968.52,26.98,-1.00,-1.0,2423
994,1830994,17024,-552,1044,17064.91,27.07,-1.00,-1.0,2371
997,1830997,17100,-500,932,17132.68,27.07,-1.00,-1.0,2421
1000,1831000,17080,-668,932,17118.45,27.07,-1.00,-1.0,2365
1003,1831003,17008,-568,948,17043.87,26.98,-1.00,-1.0,2366
1005,1831005,17028,-712,880,17065.58,27.02,-1.00,-1.0,2424
1008,1831008,17036,-576,1044,17077.68,27.02,-1.00,-1.0,2368
1013,1831013,17020,-524,1204,17070.58,27.21,-1.00,-1.0,2440
1016,1831016,16988,-556,980,17025.32,27.12,-1.00,-1.0,2373
1019,1831019,17080,-540,916,17113.07,27.02,-1.00,-1.0,2421
1021,1831021,17020,-580,960,17056.92,27.02,-1.00,-1.0,2368
1024,1831024,17060,-536,1036,17099.83,27.02,-1.00,-1.0,2421
1027,1831027,17052,-620,992,17092.08,27.12,-1.00,-1.0,2375
1030,1831030,17004,-536,940,17038.39,27.02,-1.00,-1.0,2421
1032,1831032,17008,-568,1008,17047.31,27.12,-1.00,-1.0,2368
1037,1831037,17036,-556,976,17072.99,27.02,-1.00,-1.0,2443
1040,1831040,16964,-532,796,16991.00,27.07,-1.00,-1.0,2367
1043,1831043,17092,-588,896,17125.57,27.02,-1.00,-1.0,2428
1046,1831046,16880,-612,944,16917.45,26.93,-1.00,-1.0,2366
1048,1831048,16940,-516,844,16968.86,26.98,-1.00,-1.0,2372
1051,1831051,16956,-624,936,16993.28,27.07,-1.00,-1.0,2424
1054,1831054,17052,-460,868,17080.27,27.07,-1.00,-1.0,2367
1056,1831056,16956,-580,856,16987.50,26.98,-1.00,-1.0,2428
1059,1831059,16976,-644,844,17009.16,27.07,-1.00,-1.0,2387
1064,1831064,17044,-516,868,17073.89,26.98,-1.00,-1.0,2441
1067,1831067,17000,-584,916,17034.67,26.98,-1.00,-1.0,2367
1070,1831070,16960,-568,956,16996.42,27.02,-1.00,-1.0,2421
1072,1831072,16928,-640,880,16962.94,27.12,-1.00,-1.0,2368
1075,1831075,17072,-636,872,17106.08,27.12,-1.00,-1.0,2422
1078,1831078,16984,-608,860,17016.62,27.02,-1.00,-1.0,2366
1081,1831081,16944,-576,964,16981.17,26.98,-1.00,-1.0,2459
1083,1831083,16976,-624,944,17013.67,26.98,-1.00,-1.0,2373
1086,1831086,16984,-484,864,17012.85,27.07,-1.00,-1.0,2375
1091,1831091,17052,-628,988,17092.14,27.02,-1.00,-1.0,2442
1094,1831094,16920,-504,808,16946.78,27.02,-1.00,-1.0,2367
1097,1831097,17012,-484,928,17044.17,27.07,-1.00,-1.0,2423
1099,1831099,17036,-548,956,17071.60,27.02,-1.00,-1.0,2368
1102,1831102,16984,-552,896,17016.57,26.98,-1.00,-1.0,2423
1105,1831105,17084,-584,880,17116.62,27.02,-1.00,-1.0,2377
1108,1831108,17036,-480,912,17067.14,26.98,-1.00,-1.0,2423
1110,1831110,17012,-608,796,17041.46,27.12,-1.00,-1.0,2371
1115,1831115,17016,-596,928,17051.71,27.12,-1.00,-1.0,2442
1118,1831118,17080,-676,1044,17125.22,27.02,-1.00,-1.0,2367
1121,1831121,16996,-644,956,17035.04,27.17,-1.00,-1.0,2430
1124,1831124,17028,-524,892,17059.40,27.02,-1.00,-1.0,2367
1126,1831126,17136,-596,980,17174.34,26.98,-1.00,-1.0,2378
1129,1831129,17172,-532,820,17199.80,27.07,-1.00,-1.0,2426
1132,1831132,17076,-520,968,17111.32,27.07,-1.00,-1.0,2374
1134,1831134,17052,-500,1040,17091.00,27.02,-1.00,-1.0,2432
1137,1831137,17072,-676,944,17111.44,27.02,-1.00,-1.0,2368
1142,1831142,16964,-568,1072,17007.32,27.02,-1.00,-1.0,2436
1145,1831145,17060,-592,948,17096.57,26.98,-1.00,-1.0,2375
1148,1831148,16956,-496,940,16989.28,27.02,-1.00,-1.0,2428
1150,1831150,17004,-464,852,17031.65,27.12,-1.00,-1.0,2374
1153,1831153,17080,-640,1000,17121.21,27.12,-1.00,-1.0,2422
1156,1831156,17156,-580,944,17191.74,26.98,-1.00,-1.0,2369
1159,1831159,17104,-628,924,17140.45,27.02,-1.00,-1.0,2422
1161,1831161,17072,-516,836,17100.24,27.02,-1.00,-1.0,2375
1164,1831164,17032,-544,796,17059.27,27.02,-1.00,-1.0,2366
1169,1831169,17016,-548,1100,17060.32,27.02,-1.00,-1.0,2448
1172,1831172,17036,-472,900,17066.29,27.02,-1.00,-1.0,2367
1175,1831175,17044,-560,836,17073.68,27.12,-1.00,-1.0,2422
1177,1831177,17032,-500,940,17065.25,27.02,-1.00,-1.0,2375
1180,1831180,17048,-616,1044,17091.04,26.98,-1.00,-1.0,2422
1183,1831183,17020,-516,956,17054.63,27.02,-1.00,-1.0,2370
1186,1831186,16928,-508,928,16961.03,27.07,-1.00,-1.0,2422
1188,1831188,17056,-468,1060,17095.31,27.02,-1.00,-1.0,2370
1193,1831193,17080,-652,984,17120.74,27.02,-1.00,-1.0,2450
1196,1831196,16944,-540,980,16980.90,27.12,-1.00,-1.0,2383
1199,1831199,17112,-612,1052,17155.23,27.07,-1.00,-1.0,2422
1202,1831202,16924,-604,824,16954.81,27.02,-1.00,-1.0,2366
1204,1831204,17036,-552,940,17070.84,26.98,-1.00,-1.0,2366
1207,1831207,17032,-536,988,17069.05,26.98,-1.00,-1.0,2422
1210,1831210,17004,-584,1008,17043.86,26.98,-1.00,-1.0,2368
1213,1831213,16960,-536,1100,17004.08,26.98,-1.00,-1.0,2422
1215,1831215,17048,-560,936,17082.86,27.07,-1.00,-1.0,2371
1220,1831220,16976,-524,976,17012.11,27.07,-1.00,-1.0,2429
1223,1831223,17068,-584,1044,17109.87,27.07,-1.00,-1.0,2367
1226,1831226,17032,-516,1052,17072.26,27.07,-1.00,-1.0,2430
1229,1831229,17052,-544,992,17089.49,27.07,-1.00,-1.0,2367
1231,1831231,17072,-560,1028,17112.09,27.07,-1.00,-1.0,2423
1234,1831234,16956,-540,1040,16996.45,27.07,-1.00,-1.0,2369
1237,1831237,16832,-484,896,16862.78,26.98,-1.00,-1.0,2430
1240,1831240,16888,-604,904,16922.96,27.07,-1.00,-1.0,2367
1245,1831245,17032,-632,1024,17074.46,27.07,-1.00,-1.0,2436
1247,1831247,17008,-548,868,17038.95,27.02,-1.00,-1.0,2356
1250,1831250,16964,-596,964,17001.82,27.07,-1.00,-1.0,2367
1253,1831253,17024,-552,940,17058.87,27.02,-1.00,-1.0,2421
1255,1831255,17024,-520,1048,17064.15,26.98,-1.00,-1.0,2368
1258,1831258,16952,-496,920,16984.19,27.12,-1.00,-1.0,2422
1261,1831261,16944,-592,956,16981.27,26.98,-1.00,-1.0,2375
1264,1831264,17028,-560,900,17060.96,27.02,-1.00,-1.0,2422
1266,1831266,16892,-568,960,16928.79,27.02,-1.00,-1.0,2371
1271,1831271,17040,-600,892,17073.88,26.98,-1.00,-1.0,2451
1274,1831274,17068,-536,800,17095.14,27.02,-1.00,-1.0,2369
1277,1831277,17040,-560,1016,17079.45,27.07,-1.00,-1.0,2429
1279,1831279,17064,-528,892,17095.45,27.07,-1.00,-1.0,2377
1282,1831282,17020,-572,912,17054.01,27.07,-1.00,-1.0,2422
1285,1831285,17036,-536,1120,17081.19,27.07,-1.00,-1.0,2369
1288,1831288,16944,-556,848,16974.31,27.02,-1.00,-1.0,2367
1290,1831290,17096,-560,908,17129.25,27.07,-1.00,-1.0,2431
1293,1831293,16976,-568,964,17012.83,27.02,-1.00,-1.0,2372
1298,1831298,16992,-572,1044,17033.65,27.02,-1.00,-1.0,2441
1301,1831301,16988,-516,992,17024.76,27.07,-1.00,-1.0,2367
1304,1831304,16972,-428,964,17004.74,27.12,-1.00,-1.0,2422
1306,1831306,16984,-608,964,17022.20,27.02,-1.00,-1.0,2368
1309,1831309,17028,-592,900,17062.04,27.02,-1.00,-1.0,2422
1312,1831312,16964,-572,1016,17004.02,26.98,-1.00,-1.0,2369
1315,1831315,17052,-496,944,17085.31,27.12,-1.00,-1.0,2422
1317,1831317,17008,-532,944,17042.48,27.07,-1.00,-1.0,2377
1322,1831322,16916,-540,860,16946.45,26.98,-1.00,-1.0,2452
1325,1831325,17096,-556,1008,17134.71,27.07,-1.00,-1.0,2374
1328,1831328,17104,-520,1020,17142.28,27.17,-1.00,-1.0,2367
1331,1831331,17068,-588,924,17103.10,27.02,-1.00,-1.0,2422
1333,1831333,17044,-552,1020,17083.41,27.02,-1.00,-1.0,2368
1336,1831336,17060,-468,892,17089.71,27.02,-1.00,-1.0,2421
1339,1831339,17100,-520,928,17133.05,27.07,-1.00,-1.0,2367
1342,1831342,17084,-552,920,17117.66,27.02,-1.00,-1.0,2422
1344,1831344,17092,-596,1048,17134.47,26.98,-1.00,-1.0,2376
1349,1831349,17016,-544,812,17044.05,27.07,-1.00,-1.0,2451
1352,1831352,16972,-532,980,17008.59,27.07,-1.00,-1.0,2383
1355,1831355,17032,-428,892,17060.71,27.02,-1.00,-1.0,2422
1358,1831358,17056,-576,980,17093.84,27.07,-1.00,-1.0,2370
1361,1831361,16912,-520,972,16947.89,27.12,-1.00,-1.0,2425
1363,1831363,17060,-600,1016,17100.76,26.88,-1.00,-1.0,2371
1366,1831366,17012,-592,1008,17052.12,27.02,-1.00,-1.0,2367
1369,1831369,17068,-568,956,17104.19,27.07,-1.00,-1.0,2421
1371,1831371,17092,-564,1052,17133.63,26.93,-1.00,-1.0,2372
1376,1831376,17080,-576,980,17117.79,27.12,-1.00,-1.0,2449
1379,1831379,17048,-516,956,17082.58,27.07,-1.00,-1.0,2370
1382,1831382,17040,-456,856,17067.58,27.12,-1.00,-1.0,2422
1385,1831385,17012,-608,976,17050.82,27.07,-1.00,-1.0,2371
1388,1831388,17076,-640,912,17112.31,27.02,-1.00,-1.0,2422
1390,1831390,16992,-580,988,17030.58,27.02,-1.00,-1.0,2371
1393,1831393,17068,-560,864,17099.03,27.02,-1.00,-1.0,2422
1396,1831396,17092,-644,904,17128.00,27.07,-1.00,-1.0,2370
1401,1831401,17160,-660,948,17198.83,27.07,-1.00,-1.0,2451
1403,1831403,16976,-596,944,17012.67,27.02,-1.00,-1.0,2378
1406,1831406,16992,-600,944,17028.78,27.12,-1.00,-1.0,2366
1409,1831409,17012,-576,872,17044.07,26.98,-1.00,-1.0,2425
1412,1831412,16932,-680,972,16973.50,27.02,-1.00,-1.0,2366
1414,1831414,17064,-636,896,17099.34,27.07,-1.00,-1.0,2423
1417,1831417,17028,-544,972,17064.39,27.12,-1.00,-1.0,2368
1420,1831420,17052,-520,964,17087.14,27.07,-1.00,-1.0,2425
1423,1831423,17020,-524,1052,17060.53,26.93,-1.00,-1.0,2368
1428,1831428,17048,-488,916,17079.56,27.12,-1.00,-1.0,2441
1430,1831430,17108,-504,948,17141.66,27.02,-1.00,-1.0,2367
1433,1831433,16948,-504,844,16976.49,26.98,-1.00,-1.0,2423
1436,1831436,16972,-612,820,17002.81,27.12,-1.00,-1.0,2367
1439,1831439,17100,-556,864,17130.84,27.07,-1.00,-1.0,2422
1441,1831441,16976,-516,860,17005.60,27.12,-1.00,-1.0,2368
1444,1831444,17092,-532,1028,17131.15,26.98,-1.00,-1.0,2381
1447,1831447,16988,-596,992,17027.37,27.02,-1.00,-1.0,2436
1450,1831450,16984,-576,924,17018.87,27.17,-1.00,-1.0,2367
1455,1831455,17044,-540,896,17076.08,27.07,-1.00,-1.0,2442
1457,1831457,16924,-612,960,16962.25,27.02,-1.00,-1.0,2363
1460,1831460,16948,-520,1056,16988.83,27.07,-1.00,-1.0,2422
1463,1831463,17124,-556,1024,17163.60,27.02,-1.00,-1.0,2367
1466,1831466,17032,-460,904,17062.18,26.98,-1.00,-1.0,2422
1468,1831468,16976,-624,844,17008.42,27.07,-1.00,-1.0,2369
1471,1831471,17084,-572,940,17119.40,27.07,-1.00,-1.0,2421
1474,1831474,16976,-660,968,17016.38,27.07,-1.00,-1.0,2368
1479,1831479,17016,-580,1028,17056.89,26.98,-1.00,-1.0,2442
1481,1831481,17052,-640,868,17086.07,26.98,-1.00,-1.0,2367
1484,1831484,17024,-536,992,17061.30,27.02,-1.00,-1.0,2421
1487,1831487,17080,-588,1028,17121.01,26.98,-1.00,-1.0,2380
1489,1831489,17000,-472,940,17032.51,27.12,-1.00,-1.0,2375
1492,1831492,17004,-540,944,17038.74,27.07,-1.00,-1.0,2422
1495,1831495,17028,-564,1048,17069.54,27.02,-1.00,-1.0,2368
1498,1831498,17024,-632,956,17062.53,27.07,-1.00,-1.0,2422
1501,1831501,17048,-556,876,17079.54,26.98,-1.00,-1.0,2367
1505,1831505,17064,-568,1076,17107.32,27.02,-1.00,-1.0,2450
1508,1831508,17040,-556,912,17073.44,27.02,-1.00,-1.0,2374
1511,1831511,17008,-520,1000,17045.31,26.98,-1.00,-1.0,2422
1514,1831514,17088,-564,1040,17128.91,27.02,-1.00,-1.0,2368
1517,1831517,16992,-552,892,17024.35,27.17,-1.00,-1.0,2421
1519,1831519,16936,-548,940,16970.92,27.07,-1.00,-1.0,2371
1522,1831522,17112,-548,948,17147.00,26.98,-1.00,-1.0,2422
1525,1831525,16968,-548,844,16997.81,27.07,-1.00,-1.0,2371
1528,1831528,17056,-544,952,17091.21,26.98,-1.00,-1.0,2367
1533,1831533,17048,-544,948,17083.00,27.17,-1.00,-1.0,2442
1535,1831535,17080,-596,1024,17121.04,27.07,-1.00,-1.0,2370
1538,1831538,17224,-552,928,17257.81,27.02,-1.00,-1.0,2421
1541,1831541,16980,-464,896,17009.95,27.02,-1.00,-1.0,2376
1544,1831544,17012,-628,920,17048.43,27.02,-1.00,-1.0,2421
1546,1831546,17048,-504,908,17079.60,27.12,-1.00,-1.0,2368
1549,1831549,17032,-500,1104,17075.06,27.02,-1.00,-1.0,2421
1552,1831552,17044,-660,972,17084.45,27.12,-1.00,-1.0,2376
1557,1831557,17048,-536,1004,17085.95,27.07,-1.00,-1.0,2442
1560,1831560,17096,-564,892,17128.54,26.98,-1.00,-1.0,2367
1562,1831562,16972,-600,956,17009.49,27.02,-1.00,-1.0,2422
1565,1831565,16988,-424,1024,17024.12,27.07,-1.00,-1.0,2368
1568,1831568,16968,-564,912,17001.85,27.02,-1.00,-1.0,2368
1570,1831570,17080,-508,844,17108.38,26.98,-1.00,-1.0,2430
1573,1831573,17028,-576,992,17066.59,27.12,-1.00,-1.0,2375
1576,1831576,16964,-632,1008,17005.67,26.98,-1.00,-1.0,2411
1579,1831579,17012,-484,896,17042.45,27.07,-1.00,-1.0,2371
1584,1831584,17008,-568,996,17046.60,27.02,-1.00,-1.0,2441
1586,1831586,17072,-656,940,17110.44,27.12,-1.00,-1.0,2370
1589,1831589,17032,-664,844,17065.82,27.07,-1.00,-1.0,2430
1592,1831592,17060,-520,1000,17097.19,27.12,-1.00,-1.0,2376
1595,1831595,16960,-584,1024,17000.92,27.07,-1.00,-1.0,2436
1597,1831597,16944,-568,968,16981.13,26.98,-1.00,-1.0,2375
1600,1831600,17076,-640,944,17114.04,26.98,-1.00,-1.0,2422
1603,1831603,16964,-496,1056,17004.07,27.07,-1.00,-1.0,2358
1608,1831608,17012,-404,1032,17048.06,27.12,-1.00,-1.0,2449
1611,1831611,16920,-580,1008,16959.92,27.12,-1.00,-1.0,2367
1613,1831613,17016,-592,936,17052.00,27.07,-1.00,-1.0,2360
1616,1831616,17000,-508,1036,17039.11,27.12,-1.00,-1.0,2422
1619,1831619,17020,-580,1000,17059.21,26.98,-1.00,-1.0,2369
1622,1831622,17016,-552,836,17045.46,27.07,-1.00,-1.0,2422
1624,1831624,17108,-592,920,17142.94,27.07,-1.00,-1.0,2356
1627,1831627,17036,-448,988,17070.51,27.02,-1.00,-1.0,2424
1630,1831630,17060,-568,964,17096.65,27.07,-1.00,-1.0,2367
1635,1831635,17056,-572,896,17089.09,26.98,-1.00,-1.0,2448
1637,1831637,17048,-668,912,17085.44,27.07,-1.00,-1.0,2377
1640,1831640,16932,-552,884,16964.04,27.12,-1.00,-1.0,2422
1643,1831643,17036,-608,1068,17080.27,27.07,-1.00,-1.0,2369
1646,1831646,17084,-604,944,17120.72,27.12,-1.00,-1.0,2422
1648,1831648,17000,-484,824,17026.84,27.07,-1.00,-1.0,2375
1651,1831651,16992,-552,956,17027.82,27.02,-1.00,-1.0,2366
1654,1831654,17000,-548,860,17030.56,27.07,-1.00,-1.0,2424
1657,1831657,16984,-552,1108,17029.05,26.93,-1.00,-1.0,2367
1662,1831662,16960,-468,776,16984.19,27.12,-1.00,-1.0,2444
1664,1831664,17000,-640,1040,17043.80,27.07,-1.00,-1.0,2374
1667,1831667,17008,-632,904,17043.73,27.02,-1.00,-1.0,2421
1670,1831670,17072,-520,980,17108.01,27.02,-1.00,-1.0,2371
1673,1831673,16984,-616,944,17021.37,27.02,-1.00,-1.0,2421
1675,1831675,17076,-548,832,17105.04,27.07,-1.00,-1.0,2370
1678,1831678,17072,-508,1056,17112.17,27.02,-1.00,-1.0,2421
1681,1831681,17028,-500,988,17063.96,27.12,-1.00,-1.0,2370
1686,1831686,17036,-532,856,17065.79,27.07,-1.00,-1.0,2457
1689,1831689,16992,-604,916,17027.39,27.02,-1.00,-1.0,2356
1691,1831691,17044,-628,896,17079.08,27.07,-1.00,-1.0,2380
1694,1831694,17000,-508,1036,17039.11,27.12,-1.00,-1.0,2422
1697,1831697,17140,-536,904,17172.19,27.12,-1.00,-1.0,2368
1700,1831700,16988,-476,912,17019.12,27.02,-1.00,-1.0,2423
1702,1831702,17024,-488,1048,17063.21,27.02,-1.00,-1.0,2371
1705,1831705,17060,-520,744,17084.13,27.02,-1.00,-1.0,2424
1708,1831708,17008,-524,960,17043.13,27.07,-1.00,-1.0,2375
1713,1831713,17132,-548,1164,17180.24,27.02,-1.00,-1.0,2440
1715,1831715,17028,-568,904,17061.44,27.02,-1.00,-1.0,2367
1718,1831718,16964,-548,972,17000.66,26.98,-1.00,-1.0,2423
1721,1831721,16968,-620,932,17004.88,27.02,-1.00,-1.0,2367
1724,1831724,17116,-568,896,17148.85,27.07,-1.00,-1.0,2421
1726,1831726,17080,-632,800,17110.40,27.02,-1.00,-1.0,2368
1729,1831729,17032,-700,1044,17078.32,27.17,-1.00,-1.0,2422
1732,1831732,17060,-592,964,17097.47,26.98,-1.00,-1.0,2375
1735,1831735,17096,-596,876,17128.80,27.07,-1.00,-1.0,2374
1742,1831742,17004,-488,920,17035.86,27.07,-1.00,-1.0,2440
1744,1831744,17064,-616,1000,17104.37,27.02,-1.00,-1.0,2367
1747,1831747,17068,-536,864,17098.26,27.07,-1.00,-1.0,2423
1750,1831750,17000,-492,1108,17043.17,27.12,-1.00,-1.0,2366
1753,1831753,16976,-556,904,17009.14,27.17,-1.00,-1.0,2421
1755,1831755,16944,-496,1052,16983.87,26.98,-1.00,-1.0,2368
1758,1831758,17020,-608,772,17048.34,26.98,-1.00,-1.0,2423
1761,1831761,17064,-508,1024,17102.24,27.07,-1.00,-1.0,2368
1766,1831766,17004,-624,812,17034.81,27.07,-1.00,-1.0,2441
1768,1831768,17080,-568,892,17112.71,27.02,-1.00,-1.0,2370
1771,1831771,17100,-572,1016,17139.70,27.07,-1.00,-1.0,2421
1774,1831774,16988,-548,916,17021.50,27.12,-1.00,-1.0,2372
1777,1831777,17080,-592,768,17107.50,27.07,-1.00,-1.0,2366
1779,1831779,16936,-544,856,16966.34,27.07,-1.00,-1.0,2428
1782,1831782,17076,-544,940,17110.50,27.07,-1.00,-1.0,2369
1785,1831785,16992,-608,860,17024.61,27.02,-1.00,-1.0,2428
1788,1831788,17064,-548,1008,17102.53,26.98,-1.00,-1.0,2369
1793,1831793,16996,-660,932,17034.33,27.07,-1.00,-1.0,2440
1795,1831795,17024,-508,980,17059.75,26.98,-1.00,-1.0,2367
1798,1831798,17036,-560,1024,17075.93,27.02,-1.00,-1.0,2421
1801,1831801,16976,-620,1004,17016.96,27.07,-1.00,-1.0,2375
1804,1831804,17096,-624,964,17134.52,27.12,-1.00,-1.0,2421
1806,1831806,17052,-584,1024,17092.70,27.07,-1.00,-1.0,2369
1809,1831809,17124,-560,840,17153.73,27.12,-1.00,-1.0,2420
1812,1831812,17072,-580,1024,17112.52,27.07,-1.00,-1.0,2376
1814,1831814,16948,-496,896,16978.91,27.02,-1.00,-1.0,2374
1819,1831819,17052,-556,844,17081.93,27.02,-1.00,-1.0,2450
1822,1831822,17096,-508,912,17127.84,26.93,-1.00,-1.0,2383
1825,1831825,17032,-608,1000,17072.16,26.98,-1.00,-1.0,2424
1828,1831828,17112,-628,860,17145.10,27.12,-1.00,-1.0,2372
1830,1831830,17032,-480,988,17067.38,27.07,-1.00,-1.0,2408
1833,1831833,17064,-548,852,17094.04,27.02,-1.00,-1.0,2376
1836,1831836,16988,-668,840,17021.87,27.07,-1.00,-1.0,2421
1839,1831839,17008,-616,968,17046.66,27.17,-1.00,-1.0,2369
1844,1831844,17096,-416,960,17127.98,26.98,-1.00,-1.0,2450
1846,1831846,16952,-512,792,16978.21,27.02,-1.00,-1.0,2377
1849,1831849,16988,-552,872,17019.32,27.07,-1.00,-1.0,2421
1852,1831852,16948,-544,1024,16987.62,26.98,-1.00,-1.0,2371
1855,1831855,17112,-476,1092,17153.41,26.98,-1.00,-1.0,2421
1857,1831857,17100,-684,940,17139.47,27.07,-1.00,-1.0,2375
1860,1831860,16960,-568,848,16990.68,27.02,-1.00,-1.0,2365
1863,1831863,17056,-612,996,17096.01,27.12,-1.00,-1.0,2423
1866,1831866,16952,-572,956,16988.57,27.02,-1.00,-1.0,2367
1871,1831871,17004,-576,988,17042.42,27.02,-1.00,-1.0,2440
1873,1831873,16964,-592,808,16993.55,27.07,-1.00,-1.0,2367
1876,1831876,17020,-460,964,17053.48,27.02,-1.00,-1.0,2421
1879,1831879,16968,-520,972,17003.77,26.98,-1.00,-1.0,2367
1882,1831882,16988,-572,1200,17039.93,27.02,-1.00,-1.0,2420
1884,1831884,17060,-532,944,17094.38,27.07,-1.00,-1.0,2368
1887,1831887,16968,-508,872,16997.98,27.02,-1.00,-1.0,2421
1890,1831890,16988,-580,980,17026.12,27.07,-1.00,-1.0,2366
1895,1831895,17072,-576,884,17104.57,26.98,-1.00,-1.0,2469
1897,1831897,17040,-580,972,17077.55,27.07,-1.00,-1.0,2376
1900,1831900,16968,-696,896,17005.89,26.93,-1.00,-1.0,2365
1903,1831903,16996,-568,1008,17035.34,27.07,-1.00,-1.0,2428
1906,1831906,16912,-548,948,16947.41,27.12,-1.00,-1.0,2366
1908,1831908,17020,-608,844,17051.76,27.07,-1.00,-1.0,2430
1911,1831911,17044,-632,1060,17088.62,27.02,-1.00,-1.0,2368
1914,1831914,16904,-508,996,16940.94,26.98,-1.00,-1.0,2429
1917,1831917,17052,-560,936,17086.85,27.12,-1.00,-1.0,2369
1921,1831921,17080,-568,1040,17121.06,27.07,-1.00,-1.0,2452
1924,1831924,17092,-436,976,17125.39,26.98,-1.00,-1.0,2374
1927,1831927,16992,-504,972,17027.24,27.02,-1.00,-1.0,2422
1930,1831930,17032,-576,1016,17072.00,27.07,-1.00,-1.0,2368
1933,1831933,17020,-604,944,17056.86,27.02,-1.00,-1.0,2421
1935,1831935,16988,-544,864,17018.65,27.17,-1.00,-1.0,2371
1938,1831938,17000,-580,1104,17045.68,27.12,-1.00,-1.0,2373
1941,1831941,16984,-516,976,17019.84,27.07,-1.00,-1.0,2422
1943,1831943,17064,-612,968,17102.39,27.02,-1.00,-1.0,2368
1948,1831948,17072,-520,1004,17109.40,26.93,-1.00,-1.0,2441
1951,1831951,17068,-532,936,17101.92,27.12,-1.00,-1.0,2367
1954,1831954,16992,-596,904,17026.46,27.02,-1.00,-1.0,2428
1957,1831957,16944,-504,996,16980.73,27.02,-1.00,-1.0,2367
1959,1831959,16992,-632,944,17029.93,27.07,-1.00,-1.0,2422
1962,1831962,17064,-568,964,17100.64,27.02,-1.00,-1.0,2369
1965,1831965,17004,-472,928,17035.84,27.07,-1.00,-1.0,2428
1968,1831968,17084,-648,1028,17127.16,27.02,-1.00,-1.0,2367
1973,1831973,17032,-564,908,17065.51,27.02,-1.00,-1.0,2442
1975,1831975,16984,-460,1044,17022.27,26.98,-1.00,-1.0,2367
1978,1831978,17060,-636,888,17094.93,26.98,-1.00,-1.0,2373
1981,1831981,16932,-524,960,16967.29,27.07,-1.00,-1.0,2421
1983,1831983,16996,-536,924,17029.54,27.07,-1.00,-1.0,2371
1986,1831986,16992,-604,1000,17032.11,27.07,-1.00,-1.0,2429
1989,1831989,17072,-628,832,17103.79,27.07,-1.00,-1.0,2376
1992,1831992,17004,-608,968,17042.38,27.07,-1.00,-1.0,2423
1994,1831994,17068,-560,984,17105.51,27.07,-1.00,-1.0,2370
1999,1831999,16924,-464,1016,16960.82,27.07,-1.00,-1.0,2440
2002,1832002,17056,-592,1012,17096.25,27.07,-1.00,-1.0,2367
2005,1832005,17096,-544,828,17124.68,27.07,-1.00,-1.0,2424
2008,1832008,17052,-544,1040,17092.34,27.07,-1.00,-1.0,2367
2010,1832010,16988,-584,932,17023.57,27.07,-1.00,-1.0,2421
2013,1832013,17052,-608,868,17084.90,27.17,-1.00,-1.0,2369
2016,1832016,17000,-660,836,17033.33,27.07,-1.00,-1.0,2424
2019,1832019,17052,-536,836,17080.89,27.07,-1.00,-1.0,2367
2021,1832021,16984,-584,1000,17023.43,27.07,-1.00,-1.0,2381
2026,1832026,17064,-684,964,17104.89,27.07,-1.00,-1.0,2441
2029,1832029,17012,-548,1028,17051.84,27.07,-1.00,-1.0,2372
2032,1832032,16964,-608,964,17002.24,27.02,-1.00,-1.0,2436
2034,1832034,17112,-544,876,17143.04,27.07,-1.00,-1.0,2374
2037,1832037,16992,-636,980,17032.12,27.02,-1.00,-1.0,2430
2040,1832040,17148,-484,1100,17190.06,27.02,-1.00,-1.0,2376
2043,1832043,17052,-568,908,17085.60,27.12,-1.00,-1.0,2436
2045,1832045,17036,-496,908,17067.39,27.12,-1.00,-1.0,2377
2050,1832050,17132,-580,912,17166.06,27.02,-1.00,-1.0,2442
2053,1832053,16992,-592,904,17026.32,26.98,-1.00,-1.0,2363
2056,1832056,17096,-544,1032,17135.76,27.02,-1.00,-1.0,2428
2059,1832059,17056,-572,940,17091.46,27.07,-1.00,-1.0,2364
2061,1832061,17076,-680,952,17116.03,27.02,-1.00,-1.0,2367
2064,1832064,17036,-488,1008,17072.77,27.07,-1.00,-1.0,2421
2067,1832067,17008,-664,988,17049.61,27.02,-1.00,-1.0,2367
2070,1832070,17012,-528,1116,17056.74,27.07,-1.00,-1.0,2421
2072,1832072,17008,-640,956,17046.87,27.02,-1.00,-1.0,2370
2077,1832077,16988,-596,904,17022.47,27.02,-1.00,-1.0,2454
2080,1832080,17088,-676,908,17125.46,27.02,-1.00,-1.0,2370
2083,1832083,17008,-588,1044,17050.15,26.98,-1.00,-1.0,2429
2085,1832085,17052,-516,936,17085.46,26.93,-1.00,-1.0,2376
2088,1832088,17044,-520,860,17073.60,27.17,-1.00,-1.0,2421
2091,1832091,16940,-544,1012,16978.92,27.02,-1.00,-1.0,2369
2094,1832094,17008,-616,944,17045.31,26.98,-1.00,-1.0,2421
2096,1832096,17024,-580,980,17062.04,27.12,-1.00,-1.0,2374
2099,1832099,17044,-584,1024,17084.72,26.98,-1.00,-1.0,2365
2104,1832104,17044,-580,872,17076.14,27.12,-1.00,-1.0,2448
2107,1832107,17116,-580,884,17148.62,27.02,-1.00,-1.0,2368
2110,1832110,17096,-532,928,17129.43,27.07,-1.00,-1.0,2459
2112,1832112,17036,-584,948,17072.35,27.07,-1.00,-1.0,2370
2115,1832115,17048,-524,956,17082.82,26.98,-1.00,-1.0,2422
2118,1832118,17040,-544,940,17074.58,26.88,-1.00,-1.0,2368
2121,1832121,17012,-540,992,17049.45,27.12,-1.00,-1.0,2423
2123,1832123,17124,-488,1028,17161.77,27.07,-1.00,-1.0,2369
2128,1832128,16988,-524,1068,17029.60,27.07,-1.00,-1.0,2420
2131,1832131,17012,-620,1028,17054.30,27.02,-1.00,-1.0,2372
2133,1832133,16976,-544,912,17009.18,26.98,-1.00,-1.0,2439
2136,1832136,17016,-608,956,17053.68,26.98,-1.00,-1.0,2377
2139,1832139,17088,-496,1048,17127.29,26.98,-1.00,-1.0,2367
2142,1832142,17040,-520,888,17071.04,27.02,-1.00,-1.0,2422
2144,1832144,17040,-572,872,17071.88,26.98,-1.00,-1.0,2356
2147,1832147,17036,-560,924,17070.23,27.07,-1.00,-1.0,2423
2150,1832150,16968,-608,940,17004.89,26.98,-1.00,-1.0,2368
2155,1832155,17072,-556,920,17105.81,27.07,-1.00,-1.0,2433
2157,1832157,16940,-588,1096,16985.60,27.07,-1.00,-1.0,2376
2160,1832160,17092,-520,964,17127.06,27.17,-1.00,-1.0,2418
2163,1832163,16924,-540,1000,16962.12,27.07,-1.00,-1.0,2373
2166,1832166,16976,-524,912,17008.55,27.12,-1.00,-1.0,2422
2168,1832168,17044,-504,940,17077.34,27.07,-1.00,-1.0,2356
2171,1832171,17080,-496,960,17114.15,27.12,-1.00,-1.0,2421
2174,1832174,16924,-544,912,16957.28,26.98,-1.00,-1.0,2373
2179,1832179,17016,-512,884,17046.64,27.07,-1.00,-1.0,2437
2182,1832182,16940,-484,960,16974.08,26.98,-1.00,-1.0,2374
2184,1832184,16932,-600,1044,16974.76,27.12,-1.00,-1.0,2366
2187,1832187,17036,-576,1020,17076.22,27.12,-1.00,-1.0,2431
2190,1832190,17016,-564,884,17048.28,27.02,-1.00,-1.0,2367
2193,1832193,17088,-628,1080,17133.61,27.12,-1.00,-1.0,2422
2195,1832195,16996,-556,860,17026.82,27.02,-1.00,-1.0,2369
2198,1832198,16956,-520,856,16985.55,27.12,-1.00,-1.0,2422
2201,1832201,17060,-536,1020,17098.87,27.12,-1.00,-1.0,2369
2206,1832206,17040,-644,884,17075.06,27.02,-1.00,-1.0,2432
2209,1832209,17024,-608,996,17063.95,27.12,-1.00,-1.0,2371
2211,1832211,17040,-596,936,17076.09,27.02,-1.00,-1.0,2431
2214,1832214,17048,-552,1088,17091.60,27.17,-1.00,-1.0,2370
2217,1832217,17060,-532,864,17090.15,27.02,-1.00,-1.0,2429
2220,1832220,16976,-576,792,17004.22,27.02,-1.00,-1.0,2368
2222,1832222,17148,-536,976,17184.11,26.98,-1.00,-1.0,2366
2225,1832225,17060,-548,1008,17098.54,27.17,-1.00,-1.0,2431
2228,1832228,17044,-456,992,17078.93,27.07,-1.00,-1.0,2368
2233,1832233,17016,-576,1000,17055.09,27.07,-1.00,-1.0,2432
2235,1832235,17020,-532,920,17053.15,27.12,-1.00,-1.0,2372
2238,1832238,17032,-560,916,17065.80,27.07,-1.00,-1.0,2432
2241,1832241,17024,-552,848,17054.04,27.12,-1.00,-1.0,2377
2244,1832244,17052,-564,968,17088.76,27.07,-1.00,-1.0,2421
2246,1832246,17008,-540,1052,17049.06,26.98,-1.00,-1.0,2371
2249,1832249,16976,-572,1020,17016.23,26.98,-1.00,-1.0,2429
2252,1832252,17016,-596,1084,17060.91,26.98,-1.00,-1.0,2371
2257,1832257,17036,-588,888,17069.26,27.07,-1.00,-1.0,2440
2260,1832260,17008,-560,976,17045.18,27.12,-1.00,-1.0,2368
2262,1832262,17080,-520,920,17112.66,26.98,-1.00,-1.0,2372
2265,1832265,17068,-488,1068,17108.34,27.07,-1.00,-1.0,2421
2268,1832268,16976,-548,952,17011.50,27.07,-1.00,-1.0,2373
2270,1832270,16992,-564,976,17029.35,27.12,-1.00,-1.0,2429
2273,1832273,16992,-536,988,17029.14,27.07,-1.00,-1.0,2383
2276,1832276,17036,-636,1000,17077.17,27.02,-1.00,-1.0,2424
2279,1832279,17080,-596,1036,17121.77,27.07,-1.00,-1.0,2372
2284,1832284,17016,-620,1068,17060.75,27.12,-1.00,-1.0,2441
2286,1832286,17080,-600,824,17110.39,27.07,-1.00,-1.0,2371
2289,1832289,17004,-624,928,17040.73,27.02,-1.00,-1.0,2441
2292,1832292,17124,-600,824,17154.31,27.07,-1.00,-1.0,2372
2295,1832295,16944,-488,1040,16982.90,27.12,-1.00,-1.0,2433
2297,1832297,16884,-528,900,16916.21,27.12,-1.00,-1.0,2378
2300,1832300,17004,-584,960,17041.09,27.02,-1.00,-1.0,2422
2303,1832303,16992,-624,868,17025.59,27.07,-1.00,-1.0,2374
2306,1832306,17084,-648,844,17117.11,26.98,-1.00,-1.0,2367
2310,1832310,16924,-616,804,16954.28,27.07,-1.00,-1.0,2433
2313,1832313,17020,-508,908,17051.77,27.07,-1.00,-1.0,2368
2316,1832316,17040,-612,964,17078.21,26.98,-1.00,-1.0,2439
2319,1832319,17060,-592,1016,17100.48,27.07,-1.00,-1.0,2368
2321,1832321,17108,-604,972,17146.23,27.02,-1.00,-1.0,2436
2324,1832324,17028,-608,1088,17073.55,26.98,-1.00,-1.0,2369
2327,1832327,17020,-612,976,17058.94,26.98,-1.00,-1.0,2429
2330,1832330,17104,-500,952,17137.77,27.07,-1.00,-1.0,2370
2334,1832334,17004,-540,884,17035.52,27.02,-1.00,-1.0,2439
2337,1832337,17040,-484,868,17068.96,27.12,-1.00,-1.0,2375
2340,1832340,17124,-556,1076,17166.78,27.07,-1.00,-1.0,2432
2343,1832343,17008,-424,944,17039.45,27.02,-1.00,-1.0,2369
2345,1832345,16924,-444,880,16952.68,27.17,-1.00,-1.0,2367
2348,1832348,17056,-532,888,17087.38,27.12,-1.00,-1.0,2421
2351,1832351,16952,-644,900,16988.09,27.07,-1.00,-1.0,2376
2354,1832354,17080,-508,904,17111.45,27.02,-1.00,-1.0,2421
2356,1832356,16992,-596,804,17021.45,27.12,-1.00,-1.0,2377
2361,1832361,16968,-588,844,16999.15,27.02,-1.00,-1.0,2442
2364,1832364,17052,-528,928,17085.39,27.12,-1.00,-1.0,2375
2367,1832367,17052,-604,864,17084.55,27.12,-1.00,-1.0,2434
2370,1832370,17044,-680,912,17081.92,27.02,-1.00,-1.0,2373
2372,1832372,17072,-608,912,17107.15,27.07,-1.00,-1.0,2430
2375,1832375,17112,-520,1028,17150.74,27.12,-1.00,-1.0,2377
2378,1832378,16928,-648,1020,16971.08,26.98,-1.00,-1.0,2424
2381,1832381,17060,-564,1024,17100.01,27.02,-1.00,-1.0,2370
2383,1832383,16992,-632,956,17030.60,27.07,-1.00,-1.0,2361
2388,1832388,17016,-548,952,17051.42,27.02,-1.00,-1.0,2443
2391,1832391,17000,-620,932,17036.81,27.02,-1.00,-1.0,2382
2394,1832394,17096,-504,960,17130.35,26.98,-1.00,-1.0,2431
2397,1832397,17000,-540,1012,17038.65,27.12,-1.00,-1.0,2370
2400,1832400,16936,-584,1000,16975.54,27.07,-1.00,-1.0,2425
2402,1832402,17020,-552,920,17053.78,27.07,-1.00,-1.0,2372
2405,1832405,17020,-560,1000,17058.55,27.07,-1.00,-1.0,2422
2408,1832408,17016,-592,816,17045.84,26.98,-1.00,-1.0,2369
2413,1832413,17028,-596,944,17064.56,27.02,-1.00,-1.0,2438
2415,1832415,17056,-592,908,17090.41,27.12,-1.00,-1.0,2371
2418,1832418,17008,-512,1016,17046.01,27.07,-1.00,-1.0,2441
2421,1832421,16996,-584,860,17027.76,27.02,-1.00,-1.0,2371
2424,1832424,16952,-584,912,16986.56,27.07,-1.00,-1.0,2433
2426,1832426,16932,-664,924,16970.19,27.07,-1.00,-1.0,2378
2429,1832429,17020,-640,908,17056.21,26.98,-1.00,-1.0,2366
2432,1832432,17068,-580,828,17097.91,27.12,-1.00,-1.0,2429
2435,1832435,16936,-568,916,16970.26,27.07,-1.00,-1.0,2365
2440,1832440,16956,-548,964,16992.22,27.07,-1.00,-1.0,2435
2442,1832442,17104,-528,916,17136.65,27.07,-1.00,-1.0,2367
2445,1832445,16972,-564,996,17010.55,26.98,-1.00,-1.0,2431
2448,1832448,16944,-548,992,16981.86,27.07,-1.00,-1.0,2368
2451,1832451,17020,-568,1008,17059.28,26.93,-1.00,-1.0,2422
2453,1832453,17020,-616,956,17057.95,27.07,-1.00,-1.0,2369
2456,1832456,17000,-484,972,17034.64,27.07,-1.00,-1.0,2408
2459,1832459,16964,-580,1036,17005.50,27.07,-1.00,-1.0,2371
2464,1832464,17052,-468,1004,17087.94,27.17,-1.00,-1.0,2441
2466,1832466,16964,-568,704,16988.10,27.07,-1.00,-1.0,2371
2469,1832469,16956,-652,992,16997.50,27.07,-1.00,-1.0,2370
2472,1832472,17060,-592,996,17099.30,27.02,-1.00,-1.0,2439
2475,1832475,17060,-632,888,17094.78,27.12,-1.00,-1.0,2367
2477,1832477,17040,-616,1048,17083.31,27.02,-1.00,-1.0,2422
2480,1832480,16976,-580,808,17005.11,27.12,-1.00,-1.0,2369
2483,1832483,16984,-576,936,17019.52,27.02,-1.00,-1.0,2429
2486,1832486,17148,-576,932,17182.96,27.02,-1.00,-1.0,2368
2491,1832491,16976,-536,968,17012.02,27.12,-1.00,-1.0,2432
2493,1832493,16992,-588,1004,17031.79,27.12,-1.00,-1.0,2368
2496,1832496,17032,-572,860,17063.29,27.02,-1.00,-1.0,2431
2499,1832499,17084,-608,1024,17125.46,27.07,-1.00,-1.0,2368
2502,1832502,16908,-620,952,16946.12,27.02,-1.00,-1.0,2421
2504,1832504,17012,-640,952,17050.63,27.07,-1.00,-1.0,2420
2507,1832507,17060,-588,1044,17102.03,27.12,-1.00,-1.0,2367
2510,1832510,17048,-568,920,17082.25,27.07,-1.00,-1.0,2435
2513,1832513,17000,-596,1016,17040.76,27.07,-1.00,-1.0,2374
2518,1832518,16980,-560,896,17012.84,26.98,-1.00,-1.0,2444
2521,1832521,16992,-600,1148,17041.30,26.98,-1.00,-1.0,2377
2524,1832524,17036,-568,904,17069.42,27.17,-1.00,-1.0,2441
2526,1832526,16932,-548,960,16968.04,26.98,-1.00,-1.0,2380
2529,1832529,17080,-508,976,17115.40,27.12,-1.00,-1.0,2419
2532,1832532,17004,-508,752,17028.20,27.17,-1.00,-1.0,2358
2535,1832535,16908,-472,764,16931.83,27.07,-1.00,-1.0,2420
2537,1832537,17112,-568,988,17149.91,27.12,-1.00,-1.0,2378
2542,1832542,17048,-656,848,17081.68,27.07,-1.00,-1.0,2445
2545,1832545,17052,-408,932,17082.32,27.07,-1.00,-1.0,2379
2547,1832547,17092,-648,1020,17134.67,27.12,-1.00,-1.0,2352
2550,1832550,16980,-496,896,17010.86,27.12,-1.00,-1.0,2428
2553,1832553,17012,-592,948,17048.67,27.02,-1.00,-1.0,2371
2556,1832556,17072,-512,1012,17109.63,27.02,-1.00,-1.0,2419
2559,1832559,17040,-616,832,17071.42,27.02,-1.00,-1.0,2372
2561,1832561,17008,-476,940,17040.61,27.07,-1.00,-1.0,2419
2564,1832564,16984,-580,1072,17027.68,27.12,-1.00,-1.0,2371
2569,1832569,17032,-524,772,17057.54,27.02,-1.00,-1.0,2431
2572,1832572,16992,-556,1048,17033.37,26.98,-1.00,-1.0,2374
2575,1832575,17068,-604,964,17105.87,26.93,-1.00,-1.0,2430
2577,1832577,16968,-572,880,17000.43,27.12,-1.00,-1.0,2374
2580,1832580,17116,-632,852,17148.84,27.12,-1.00,-1.0,2418
2583,1832583,17044,-552,876,17075.42,27.02,-1.00,-1.0,2372
2585,1832585,16944,-520,1028,16983.12,27.07,-1.00,-1.0,2367
2588,1832588,16924,-496,964,16958.69,27.07,-1.00,-1.0,2418
2591,1832591,16996,-576,872,17028.10,27.07,-1.00,-1.0,2378
2596,1832596,17012,-544,956,17047.52,27.07,-1.00,-1.0,2437
2599,1832599,16996,-516,992,17032.74,27.02,-1.00,-1.0,2370
2601,1832601,17004,-556,972,17040.83,27.07,-1.00,-1.0,2427
2604,1832604,16956,-624,916,16992.19,27.07,-1.00,-1.0,2372
2607,1832607,17056,-588,984,17094.48,27.07,-1.00,-1.0,2426
2610,1832610,16968,-508,996,17004.80,27.17,-1.00,-1.0,2370
2612,1832612,16956,-500,980,16991.65,27.17,-1.00,-1.0,2421
2615,1832615,16964,-552,912,16997.46,27.07,-1.00,-1.0,2371
2620,1832620,17052,-528,916,17084.75,27.07,-1.00,-1.0,2429
2623,1832623,17060,-704,896,17098.01,27.02,-1.00,-1.0,2370
2625,1832625,17004,-552,1088,17047.71,27.07,-1.00,-1.0,2367
2628,1832628,17080,-616,804,17110.01,27.02,-1.00,-1.0,2442
2631,1832631,17032,-616,832,17063.43,27.12,-1.00,-1.0,2379
2634,1832634,16944,-704,888,16981.85,27.02,-1.00,-1.0,2434
2636,1832636,17032,-536,928,17065.68,27.02,-1.00,-1.0,2380
2639,1832639,17068,-620,1008,17108.98,27.02,-1.00,-1.0,2418
2642,1832642,17032,-484,956,17065.67,27.02,-1.00,-1.0,2360
2647,1832647,16980,-504,944,17013.69,27.02,-1.00,-1.0,2436
2650,1832650,16968,-544,920,17001.63,27.07,-1.00,-1.0,2370
2652,1832652,16960,-504,956,16994.40,27.12,-1.00,-1.0,2439
2655,1832655,16932,-564,1044,16973.53,27.02,-1.00,-1.0,2383
2658,1832658,17116,-584,992,17154.67,27.02,-1.00,-1.0,2420
2661,1832661,17092,-648,1016,17134.43,27.02,-1.00,-1.0,2373
2663,1832663,17012,-524,1064,17053.29,27.07,-1.00,-1.0,2421
2666,1832666,17008,-476,1008,17044.49,27.02,-1.00,-1.0,2386
2669,1832669,17012,-548,912,17045.24,27.07,-1.00,-1.0,2367
2674,1832674,17012,-652,768,17041.80,27.07,-1.00,-1.0,2429
2676,1832676,17036,-540,944,17070.68,27.07,-1.00,-1.0,2372
2679,1832679,17136,-540,1100,17179.76,27.17,-1.00,-1.0,2428
2682,1832682,16972,-596,828,17002.63,27.07,-1.00,-1.0,2358
2685,1832685,17020,-560,1056,17061.92,27.07,-1.00,-1.0,2426
2688,1832688,17044,-536,880,17075.12,27.07,-1.00,-1.0,2370
2690,1832690,17068,-580,948,17104.14,27.02,-1.00,-1.0,2418
2693,1832693,16932,-560,1020,16971.94,27.07,-1.00,-1.0,2371
2698,1832698,16980,-668,864,17015.09,26.98,-1.00,-1.0,2429
2701,1832701,17096,-580,964,17132.98,26.98,-1.00,-1.0,2372
2704,1832704,17004,-548,928,17038.12,26.98,-1.00,-1.0,2428
2706,1832706,17044,-472,896,17074.06,26.98,-1.00,-1.0,2371
2709,1832709,16996,-560,768,17022.56,27.12,-1.00,-1.0,2374
2712,1832712,16984,-576,1056,17026.54,27.12,-1.00,-1.0,2418
2714,1832714,16996,-652,740,17024.59,27.02,-1.00,-1.0,2373
2717,1832717,17008,-544,924,17041.77,27.02,-1.00,-1.0,2426
2720,1832720,17056,-540,972,17092.21,27.02,-1.00,-1.0,2378
2725,1832725,17044,-680,904,17081.50,27.07,-1.00,-1.0,2439
2727,1832727,17132,-608,980,17170.77,27.12,-1.00,-1.0,2377
2730,1832730,17044,-532,824,17072.20,27.07,-1.00,-1.0,2434
2733,1832733,16980,-640,884,17015.04,27.17,-1.00,-1.0,2376
2736,1832736,17044,-540,1040,17084.24,27.07,-1.00,-1.0,2419
2738,1832738,17056,-604,1036,17098.11,26.98,-1.00,-1.0,2377
2741,1832741,16952,-536,960,16987.62,27.07,-1.00,-1.0,2418
2744,1832744,17008,-584,972,17045.76,27.07,-1.00,-1.0,2374
2747,1832747,17080,-632,996,17120.68,27.02,-1.00,-1.0,2369
2752,1832752,17016,-472,884,17045.48,27.07,-1.00,-1.0,2428
2754,1832754,17020,-572,1008,17059.42,27.17,-1.00,-1.0,2372
2757,1832757,17080,-588,908,17114.22,27.02,-1.00,-1.0,2427
2760,1832760,17008,-568,1000,17046.84,27.07,-1.00,-1.0,2369
2763,1832763,17048,-568,852,17078.72,27.12,-1.00,-1.0,2419
2765,1832765,17028,-508,920,17060.40,27.02,-1.00,-1.0,2371
2768,1832768,17120,-580,964,17156.93,27.12,-1.00,-1.0,2418
2771,1832771,16968,-580,1060,17010.97,27.07,-1.00,-1.0,2380
2776,1832776,17052,-520,888,17083.02,27.02,-1.00,-1.0,2428
2779,1832779,16948,-592,952,16985.04,27.02,-1.00,-1.0,2370
2782,1832782,17040,-456,924,17071.12,27.21,-1.00,-1.0,2427
2784,1832784,17012,-532,984,17048.74,26.98,-1.00,-1.0,2424
2787,1832787,17044,-592,896,17077.80,27.02,-1.00,-1.0,2430
2790,1832790,17000,-548,960,17035.90,27.12,-1.00,-1.0,2378
2793,1832793,17072,-584,988,17110.54,27.07,-1.00,-1.0,2367
2795,1832795,16940,-556,912,16973.64,27.07,-1.00,-1.0,2424
2798,1832798,17016,-592,820,17046.03,27.07,-1.00,-1.0,2380
2803,1832803,17124,-536,1032,17163.44,26.98,-1.00,-1.0,2432
2806,1832806,16908,-656,948,16947.26,27.12,-1.00,-1.0,2375
2809,1832809,17104,-604,896,17138.10,27.17,-1.00,-1.0,2431
2811,1832811,16992,-528,920,17025.08,27.07,-1.00,-1.0,2374
2814,1832814,16952,-568,988,16990.26,27.07,-1.00,-1.0,2438
2817,1832817,17004,-480,892,17034.14,27.07,-1.00,-1.0,2379
2820,1832820,17096,-568,952,17131.90,26.98,-1.00,-1.0,2433
2822,1832822,17020,-580,992,17058.75,27.07,-1.00,-1.0,2371
2827,1832827,17016,-520,864,17045.85,27.07,-1.00,-1.0,2433
2830,1832830,17096,-584,928,17131.12,27.02,-1.00,-1.0,2367
2833,1832833,17028,-548,972,17064.52,26.93,-1.00,-1.0,2410
2836,1832836,16984,-568,920,17018.38,27.07,-1.00,-1.0,2449
2838,1832838,17116,-508,888,17146.55,26.98,-1.00,-1.0,2378
2841,1832841,17108,-568,956,17144.10,26.93,-1.00,-1.0,2421
2844,1832844,17044,-652,944,17082.57,27.07,-1.00,-1.0,2357
2847,1832847,16992,-600,840,17023.33,27.12,-1.00,-1.0,2431
2849,1832849,17052,-640,968,17091.44,27.07,-1.00,-1.0,2375
2854,1832854,17028,-568,872,17059.77,27.07,-1.00,-1.0,2436
2857,1832857,17016,-472,972,17050.27,26.98,-1.00,-1.0,2364
2860,1832860,17080,-604,812,17109.96,27.12,-1.00,-1.0,2440
2863,1832863,17052,-548,852,17082.06,27.07,-1.00,-1.0,2364
2865,1832865,17088,-484,1012,17124.78,27.02,-1.00,-1.0,2366
2868,1832868,17068,-552,1168,17116.82,27.12,-1.00,-1.0,2408
2871,1832871,17044,-524,1060,17084.97,27.02,-1.00,-1.0,2369
2874,1832874,17080,-528,868,17110.19,27.12,-1.00,-1.0,2421
2876,1832876,16980,-604,964,17018.06,27.02,-1.00,-1.0,2370
2881,1832881,16920,-524,1040,16960.03,27.02,-1.00,-1.0,2445
2884,1832884,17044,-608,876,17077.32,26.93,-1.00,-1.0,2375
2887,1832887,17036,-512,932,17069.16,27.12,-1.00,-1.0,2439
2889,1832889,17060,-656,884,17095.48,27.02,-1.00,-1.0,2377
2892,1832892,16984,-568,864,17015.45,27.02,-1.00,-1.0,2421
2895,1832895,17072,-496,996,17108.22,27.12,-1.00,-1.0,2369
2898,1832898,17088,-588,976,17125.95,27.02,-1.00,-1.0,2420
2900,1832900,17016,-612,988,17055.64,27.02,-1.00,-1.0,2374
2905,1832905,17124,-616,932,17160.40,27.02,-1.00,-1.0,2441
2908,1832908,16996,-476,976,17030.65,27.02,-1.00,-1.0,2373
2911,1832911,16948,-680,904,16985.71,27.12,-1.00,-1.0,2367
2914,1832914,17024,-548,904,17056.79,27.07,-1.00,-1.0,2430
2916,1832916,16864,-484,948,16897.56,27.07,-1.00,-1.0,2369
2919,1832919,16920,-540,1008,16958.60,27.07,-1.00,-1.0,2420
2922,1832922,16980,-460,812,17005.63,27.07,-1.00,-1.0,2371
2925,1832925,16980,-624,860,17013.21,26.98,-1.00,-1.0,2421
2927,1832927,17064,-544,1084,17107.05,27.17,-1.00,-1.0,2368
2932,1832932,17036,-584,988,17074.62,27.17,-1.00,-1.0,2432
2935,1832935,17060,-584,880,17092.66,26.98,-1.00,-1.0,2367
2938,1832938,17080,-616,948,17117.38,27.12,-1.00,-1.0,2430
2940,1832940,17000,-464,1012,17036.42,27.02,-1.00,-1.0,2420
2943,1832943,17024,-624,904,17059.40,27.07,-1.00,-1.0,2431
2946,1832946,17128,-540,1020,17166.84,26.98,-1.00,-1.0,2376
2949,1832949,17044,-604,1012,17084.70,27.02,-1.00,-1.0,2367
2951,1832951,16992,-560,1036,17032.76,27.07,-1.00,-1.0,2422
2954,1832954,17096,-508,928,17128.70,27.02,-1.00,-1.0,2390
2959,1832959,16928,-632,1012,16970.00,27.21,-1.00,-1.0,2432
2962,1832962,17028,-456,972,17061.81,26.98,-1.00,-1.0,2360
2964,1832964,17172,-600,924,17207.30,27.02,-1.00,-1.0,2430
2967,1832967,16916,-564,988,16954.21,27.02,-1.00,-1.0,2372
2970,1832970,17116,-544,936,17150.20,27.02,-1.00,-1.0,2426
2973,1832973,17064,-560,1120,17109.88,27.02,-1.00,-1.0,2371
2975,1832975,17040,-584,1072,17083.67,27.12,-1.00,-1.0,2433
2978,1832978,16960,-552,928,16994.34,27.02,-1.00,-1.0,2371
2983,1832983,16980,-552,964,17016.30,27.12,-1.00,-1.0,2428
2986,1832986,17100,-616,1012,17140.99,27.07,-1.00,-1.0,2374
2989,1832989,17000,-544,864,17030.63,27.02,-1.00,-1.0,2427
2991,1832991,16956,-544,1072,16998.56,27.07,-1.00,-1.0,2371
2994,1832994,17104,-560,1104,17148.74,27.07,-1.00,-1.0,2370
2997,1832997,17064,-560,1012,17103.15,27.07,-1.00,-1.0,2420
2999,1832999,16944,-608,1016,16985.32,27.07,-1.00,-1.0,2377
3002,1833002,17040,-544,928,17073.92,27.07,-1.00,-1.0,2419
3005,1833005,17020,-680,1076,17067.53,27.12,-1.00,-1.0,2371
3010,1833010,17124,-488,912,17155.21,27.02,-1.00,-1.0,2428
3013,1833013,17088,-556,900,17120.71,27.02,-1.00,-1.0,2370
3016,1833016,17104,-608,940,17140.60,27.02,-1.00,-1.0,2420
3018,1833018,17072,-448,896,17101.37,27.17,-1.00,-1.0,2376
3021,1833021,17040,-632,1004,17081.25,27.12,-1.00,-1.0,2425
3024,1833024,16996,-532,992,17033.23,27.12,-1.00,-1.0,2379
3027,1833027,16996,-500,1004,17032.97,27.12,-1.00,-1.0,2419
3029,1833029,17176,-612,1076,17220.55,27.12,-1.00,-1.0,2371
3032,1833032,17020,-560,964,17056.47,27.12,-1.00,-1.0,2374
3037,1833037,17000,-584,976,17038.01,27.02,-1.00,-1.0,2428
3040,1833040,17016,-640,924,17053.08,27.02,-1.00,-1.0,2377
3043,1833043,17088,-520,944,17121.95,26.98,-1.00,-1.0,2425
3045,1833045,17068,-580,980,17105.95,27.02,-1.00,-1.0,2373
3048,1833048,17036,-548,948,17071.15,26.98,-1.00,-1.0,2435
3051,1833051,16988,-560,976,17025.23,27.02,-1.00,-1.0,2374
3054,1833054,17020,-520,1072,17061.65,26.98,-1.00,-1.0,2428
3056,1833056,16996,-644,872,17030.54,27.17,-1.00,-1.0,2378
3061,1833061,17020,-628,1048,17063.79,27.02,-1.00,-1.0,2431
3064,1833064,17020,-616,888,17054.28,26.93,-1.00,-1.0,2370
3067,1833067,16980,-636,1072,17025.69,27.07,-1.00,-1.0,2434
3070,1833070,17004,-580,1012,17043.96,27.02,-1.00,-1.0,2370
3072,1833072,16976,-580,1032,17017.23,27.17,-1.00,-1.0,2431
3075,1833075,17016,-552,816,17044.50,27.07,-1.00,-1.0,2371
3078,1833078,17052,-520,860,17081.59,27.07,-1.00,-1.0,2371
3081,1833081,17000,-592,992,17039.21,27.12,-1.00,-1.0,2418
3083,1833083,17012,-584,884,17044.96,27.07,-1.00,-1.0,2371
3088,1833088,16968,-624,1044,17011.54,27.07,-1.00,-1.0,2436
3091,1833091,16964,-600,932,17000.17,26.98,-1.00,-1.0,2359
3094,1833094,17012,-556,868,17043.20,27.12,-1.00,-1.0,2435
3096,1833096,17004,-616,984,17043.58,27.07,-1.00,-1.0,2377
3099,1833099,17088,-584,1000,17127.20,27.02,-1.00,-1.0,2418
3102,1833102,16960,-544,736,16984.68,27.02,-1.00,-1.0,2377
3105,1833105,16996,-624,832,17027.79,27.12,-1.00,-1.0,2418
3107,1833107,17072,-464,1024,17108.98,27.12,-1.00,-1.0,2373
3112,1833112,16928,-592,948,16964.86,27.02,-1.00,-1.0,2437
3115,1833115,17068,-580,960,17104.81,27.07,-1.00,-1.0,2385
3118,1833118,17028,-588,884,17061.07,27.12,-1.00,-1.0,2367
3121,1833121,17016,-576,912,17050.15,27.07,-1.00,-1.0,2427
3123,1833123,17076,-640,852,17109.22,27.07,-1.00,-1.0,2373
3126,1833126,17056,-476,1004,17092.15,27.07,-1.00,-1.0,2419
3129,1833129,17068,-548,836,17097.25,27.07,-1.00,-1.0,2378
3132,1833132,16944,-620,896,16979.00,27.07,-1.00,-1.0,2419
3134,1833134,16948,-680,944,16987.88,27.07,-1.00,-1.0,2375
3139,1833139,17024,-512,1124,17068.75,26.98,-1.00,-1.0,2444
3142,1833142,16980,-584,880,17012.81,27.07,-1.00,-1.0,2379
3145,1833145,17040,-520,1044,17079.87,27.02,-1.00,-1.0,2439
3147,1833147,16968,-504,856,16997.05,27.02,-1.00,-1.0,2380
3150,1833150,17164,-604,984,17202.79,27.02,-1.00,-1.0,2418
3153,1833153,17020,-532,872,17050.62,27.12,-1.00,-1.0,2375
3156,1833156,17088,-516,972,17123.40,27.02,-1.00,-1.0,2418
3159,1833159,17068,-600,972,17106.18,27.07,-1.00,-1.0,2433
3161,1833161,16992,-568,968,17029.03,26.98,-1.00,-1.0,2371
3166,1833166,17040,-512,996,17076.76,27.12,-1.00,-1.0,2418
3169,1833169,17048,-484,1060,17087.78,27.12,-1.00,-1.0,2375
3171,1833171,17036,-572,972,17073.29,27.12,-1.00,-1.0,2436
3174,1833174,16988,-512,788,17013.97,27.02,-1.00,-1.0,2379
3177,1833177,17008,-632,1076,17053.72,27.02,-1.00,-1.0,2422
3180,1833180,17128,-536,1012,17166.24,27.02,-1.00,-1.0,2371
3183,1833183,17084,-592,956,17120.96,27.07,-1.00,-1.0,2419
3185,1833185,16968,-644,972,17008.01,27.07,-1.00,-1.0,2371
3190,1833190,16996,-568,868,17027.63,27.12,-1.00,-1.0,2437
3193,1833193,17112,-616,876,17145.48,27.12,-1.00,-1.0,2377
3196,1833196,17180,-556,828,17208.93,27.07,-1.00,-1.0,2367
3199,1833199,16984,-476,896,17014.28,27.07,-1.00,-1.0,2428
3201,1833201,16920,-564,908,16953.73,27.07,-1.00,-1.0,2372
3204,1833204,16988,-584,868,17020.18,26.98,-1.00,-1.0,2420
3207,1833207,16948,-568,968,16985.12,26.98,-1.00,-1.0,2377
3210,1833210,16952,-652,920,16989.46,27.12,-1.00,-1.0,2419
3212,1833212,16964,-592,908,16998.60,27.17,-1.00,-1.0,2371
3217,1833217,17100,-500,972,17134.90,27.07,-1.00,-1.0,2429
3220,1833220,17008,-596,1092,17053.44,26.98,-1.00,-1.0,2370
3223,1833223,17080,-480,1140,17124.73,27.17,-1.00,-1.0,2434
3226,1833226,16984,-580,852,17015.24,27.07,-1.00,-1.0,2371
3228,1833228,16948,-568,920,16982.45,27.07,-1.00,-1.0,2422
3231,1833231,17024,-460,888,17053.35,27.07,-1.00,-1.0,2373
3234,1833234,17112,-556,868,17143.02,27.02,-1.00,-1.0,2371
3236,1833236,17044,-472,772,17068.00,27.02,-1.00,-1.0,2427
3239,1833239,17048,-596,940,17084.29,27.02,-1.00,-1.0,2373
3244,1833244,17012,-632,832,17044.05,27.07,-1.00,-1.0,2429
3247,1833247,16964,-540,932,16998.16,26.98,-1.00,-1.0,2370
3250,1833250,17128,-656,1044,17172.32,27.02,-1.00,-1.0,2435
3253,1833253,17044,-640,772,17073.47,27.17,-1.00,-1.0,2370
3255,1833255,16972,-680,940,17011.61,27.02,-1.00,-1.0,2419
3258,1833258,16956,-632,828,16987.96,27.07,-1.00,-1.0,2371
3261,1833261,17008,-404,1096,17048.06,27.12,-1.00,-1.0,2420
3264,1833264,17156,-632,972,17195.13,27.07,-1.00,-1.0,2370
3269,1833269,16984,-512,916,17016.39,27.07,-1.00,-1.0,2429
3271,1833271,17020,-616,844,17052.04,27.17,-1.00,-1.0,2370
3274,1833274,17092,-524,908,17124.12,27.02,-1.00,-1.0,2372
3277,1833277,17048,-616,952,17085.67,27.02,-1.00,-1.0,2433
3279,1833279,17068,-544,904,17100.58,27.02,-1.00,-1.0,2375
3282,1833282,17056,-632,1100,17103.12,27.07,-1.00,-1.0,2427
3285,1833285,16992,-624,904,17027.47,27.02,-1.00,-1.0,2378
3288,1833288,17052,-632,904,17087.64,27.07,-1.00,-1.0,2431
3290,1833290,16972,-556,980,17009.36,27.02,-1.00,-1.0,2373
3295,1833295,17060,-588,820,17089.81,27.12,-1.00,-1.0,2432
3298,1833298,17116,-548,904,17148.62,27.17,-1.00,-1.0,2367
3301,1833301,17104,-592,980,17142.28,27.02,-1.00,-1.0,2434
3304,1833304,17004,-572,928,17038.91,27.12,-1.00,-1.0,2366
3306,1833306,16964,-476,932,16996.25,27.07,-1.00,-1.0,2427
3309,1833309,17104,-552,980,17140.94,27.12,-1.00,-1.0,2368
3312,1833312,16960,-504,932,16993.06,27.07,-1.00,-1.0,2367
3315,1833315,17016,-612,1000,17056.34,27.07,-1.00,-1.0,2421
3317,1833317,17028,-556,896,17060.62,27.07,-1.00,-1.0,2382
3322,1833322,17000,-540,924,17033.65,27.07,-1.00,-1.0,2432
3325,1833325,16952,-592,776,16980.07,27.02,-1.00,-1.0,2370
3328,1833328,16984,-656,900,17020.48,27.07,-1.00,-1.0,2429
3331,1833331,16928,-604,1024,16969.70,27.12,-1.00,-1.0,2370
3333,1833333,17056,-580,936,17091.51,26.98,-1.00,-1.0,2435
3336,1833336,17056,-476,844,17083.50,27.07,-1.00,-1.0,2379
3339,1833339,16996,-588,1044,17038.18,27.07,-1.00,-1.0,2422
3342,1833342,17040,-644,968,17079.62,27.07,-1.00,-1.0,2374
3347,1833347,17060,-528,996,17097.21,27.07,-1.00,-1.0,2444
3350,1833350,17088,-520,1068,17129.24,27.07,-1.00,-1.0,2372
3353,1833353,17080,-472,968,17113.92,27.02,-1.00,-1.0,2427
3356,1833356,17044,-632,980,17083.85,27.02,-1.00,-1.0,2372
3358,1833358,17028,-544,880,17059.40,27.02,-1.00,-1.0,2365
3361,1833361,17104,-476,904,17134.49,27.07,-1.00,-1.0,2426
3364,1833364,17020,-540,816,17048.10,27.12,-1.00,-1.0,2370
3366,1833366,17028,-568,956,17064.27,27.07,-1.00,-1.0,2432
3369,1833369,16964,-568,924,16998.64,27.07,-1.00,-1.0,2371
3374,1833374,17028,-532,888,17059.44,27.02,-1.00,-1.0,2436
3377,1833377,16968,-524,1088,17010.92,26.93,-1.00,-1.0,2370
3379,1833379,16948,-616,972,16987.02,27.07,-1.00,-1.0,2430
3382,1833382,17052,-552,992,17089.75,27.12,-1.00,-1.0,2371
3385,1833385,17044,-616,908,17079.28,27.07,-1.00,-1.0,2426
3388,1833388,16968,-448,936,16999.70,27.02,-1.00,-1.0,2370
3390,1833390,17064,-560,1008,17102.92,27.07,-1.00,-1.0,2420
3393,1833393,17048,-492,1020,17085.57,27.12,-1.00,-1.0,2371
3396,1833396,17076,-620,940,17113.09,27.07,-1.00,-1.0,2370
3401,1833401,16944,-556,976,16981.19,27.07,-1.00,-1.0,2429
3403,1833403,16980,-568,928,17014.82,27.07,-1.00,-1.0,2370
3406,1833406,17092,-508,1028,17130.42,27.17,-1.00,-1.0,2427
3409,1833409,17056,-612,1056,17099.62,27.07,-1.00,-1.0,2379
3412,1833412,17064,-660,892,17100.04,27.07,-1.00,-1.0,2440
3414,1833414,17108,-624,1044,17151.18,27.07,-1.00,-1.0,2376
3417,1833417,17008,-480,972,17042.51,27.02,-1.00,-1.0,2427
3420,1833420,17096,-600,964,17133.67,27.07,-1.00,-1.0,2379
3425,1833425,16940,-544,988,16977.51,27.07,-1.00,-1.0,2438
3428,1833428,17076,-620,848,17108.28,27.07,-1.00,-1.0,2370
3430,1833430,16972,-500,972,17007.16,27.12,-1.00,-1.0,2440
3433,1833433,16992,-616,824,17023.12,27.07,-1.00,-1.0,2371
3436,1833436,17072,-648,1048,17116.41,27.02,-1.00,-1.0,2366
3439,1833439,17064,-536,912,17096.76,27.02,-1.00,-1.0,2418
3441,1833441,17148,-596,972,17185.86,27.02,-1.00,-1.0,2371
3444,1833444,16900,-680,964,16941.12,27.07,-1.00,-1.0,2419
3447,1833447,16988,-616,952,17025.80,26.98,-1.00,-1.0,2418
3452,1833452,17016,-544,1016,17054.98,26.98,-1.00,-1.0,2448
3455,1833455,16992,-432,988,17026.18,27.17,-1.00,-1.0,2368
3457,1833457,17064,-520,904,17095.84,27.02,-1.00,-1.0,2430
3460,1833460,17020,-644,992,17061.04,27.12,-1.00,-1.0,2375
3463,1833463,16980,-552,984,17017.44,27.12,-1.00,-1.0,2425
3466,1833466,17064,-576,912,17098.06,27.02,-1.00,-1.0,2371
3468,1833468,16984,-580,824,17013.87,27.02,-1.00,-1.0,2429
3471,1833471,17112,-600,860,17144.10,26.93,-1.00,-1.0,2383
3474,1833474,17024,-532,844,17053.21,27.07,-1.00,-1.0,2370
3479,1833479,17016,-504,1008,17053.28,26.98,-1.00,-1.0,2442
3482,1833482,17088,-476,920,17119.37,27.17,-1.00,-1.0,2367
3484,1833484,16940,-568,984,16978.06,27.07,-1.00,-1.0,2422
3487,1833487,17096,-524,956,17130.72,27.07,-1.00,-1.0,2356
3490,1833490,16928,-572,932,16963.28,26.98,-1.00,-1.0,2430
3493,1833493,16976,-536,952,17011.12,27.07,-1.00,-1.0,2368
3495,1833495,16976,-556,956,17011.99,27.07,-1.00,-1.0,2422
3498,1833498,17032,-416,1020,17067.59,27.07,-1.00,-1.0,2369
3503,1833503,17076,-556,984,17113.36,27.07,-1.00,-1.0,2440
3506,1833506,16972,-548,1116,17017.48,27.02,-1.00,-1.0,2367
3509,1833509,17016,-588,912,17050.56,27.07,-1.00,-1.0,2421
3511,1833511,17124,-532,888,17155.26,27.07,-1.00,-1.0,2369
3514,1833514,17080,-532,928,17113.46,26.98,-1.00,-1.0,2374
3517,1833517,17156,-552,888,17187.83,27.02,-1.00,-1.0,2420
3519,1833519,17084,-580,964,17121.00,27.12,-1.00,-1.0,2371
3522,1833522,17072,-616,1036,17114.49,27.02,-1.00,-1.0,2428
3525,1833525,17036,-524,1020,17074.55,27.07,-1.00,-1.0,2371
3530,1833530,17008,-564,948,17043.73,27.07,-1.00,-1.0,2448
3533,1833533,17012,-596,936,17048.15,26.98,-1.00,-1.0,2367
3535,1833535,17112,-620,868,17145.21,26.93,-1.00,-1.0,2421
3538,1833538,17088,-540,1024,17127.17,27.07,-1.00,-1.0,2372
3541,1833541,17060,-700,984,17102.69,27.02,-1.00,-1.0,2429
3544,1833544,17020,-540,920,17053.40,27.07,-1.00,-1.0,2355
3546,1833546,17008,-588,828,17038.29,27.12,-1.00,-1.0,2422
3549,1833549,16960,-568,992,16998.48,27.07,-1.00,-1.0,2369
3554,1833554,17040,-544,1052,17081.11,27.02,-1.00,-1.0,2447
3557,1833557,16992,-584,852,17023.37,27.02,-1.00,-1.0,2368
3559,1833559,16968,-500,948,17001.82,27.07,-1.00,-1.0,2367
3562,1833562,17004,-668,992,17046.01,27.07,-1.00,-1.0,2422
3565,1833565,16996,-556,948,17031.50,27.17,-1.00,-1.0,2369
3568,1833568,17112,-672,988,17153.67,27.07,-1.00,-1.0,2420
3570,1833570,17036,-596,960,17073.43,27.17,-1.00,-1.0,2368
3573,1833573,16968,-560,932,17002.80,26.98,-1.00,-1.0,2408
3576,1833576,16968,-576,852,16999.14,27.07,-1.00,-1.0,2368
3580,1833580,17052,-560,876,17083.67,27.02,-1.00,-1.0,2441
3583,1833583,16916,-520,964,16951.42,27.02,-1.00,-1.0,2367
3586,1833586,17080,-668,1004,17122.52,27.07,-1.00,-1.0,2428
3589,1833589,17076,-528,904,17108.06,27.02,-1.00,-1.0,2368
3591,1833591,16980,-528,800,17007.03,27.07,-1.00,-1.0,2432
3594,1833594,17004,-504,952,17038.08,27.12,-1.00,-1.0,2376
3597,1833597,17084,-512,1156,17130.72,27.07,-1.00,-1.0,2367
3600,1833600,17016,-532,904,17048.30,26.98,-1.00,-1.0,2421
3603,1833603,16948,-512,804,16974.78,27.07,-1.00,-1.0,2371
3608,1833608,17060,-588,840,17090.79,27.07,-1.00,-1.0,2444
3610,1833610,17016,-464,1000,17051.67,27.07,-1.00,-1.0,2376
3613,1833613,16972,-700,1064,17019.72,27.07,-1.00,-1.0,2421
3616,1833616,17036,-564,912,17069.71,27.07,-1.00,-1.0,2369
3619,1833619,17008,-544,876,17039.23,27.17,-1.00,-1.0,2421
3621,1833621,16932,-532,1012,16970.56,27.07,-1.00,-1.0,2376
3624,1833624,16972,-628,924,17008.73,27.02,-1.00,-1.0,2420
3627,1833627,17004,-548,872,17035.16,27.07,-1.00,-1.0,2372
3632,1833632,17060,-512,984,17096.02,27.07,-1.00,-1.0,2455
3635,1833635,17084,-592,784,17112.22,27.17,-1.00,-1.0,2376
3637,1833637,17036,-552,880,17067.64,27.12,-1.00,-1.0,2366
3640,1833640,17016,-564,828,17045.47,27.12,-1.00,-1.0,2421
3643,1833643,17032,-536,908,17064.61,27.02,-1.00,-1.0,2368
3646,1833646,17084,-532,904,17116.17,27.12,-1.00,-1.0,2421
3649,1833649,17056,-540,944,17090.64,27.02,-1.00,-1.0,2367
3651,1833651,16992,-656,936,17030.40,27.12,-1.00,-1.0,2421
3654,1833654,17104,-576,1068,17146.99,27.12,-1.00,-1.0,2372
3659,1833659,16984,-600,1076,17028.62,27.12,-1.00,-1.0,2443
3662,1833662,17004,-552,1024,17043.75,27.17,-1.00,-1.0,2369
3665,1833665,17056,-588,992,17094.94,27.12,-1.00,-1.0,2421
3667,1833667,17036,-544,876,17067.18,27.17,-1.00,-1.0,2363
3670,1833670,16944,-620,968,16982.95,27.02,-1.00,-1.0,2423
3673,1833673,17148,-524,968,17183.29,27.07,-1.00,-1.0,2368
3675,1833675,17024,-600,952,17061.15,27.02,-1.00,-1.0,2366
3678,1833678,16940,-628,888,16974.88,27.17,-1.00,-1.0,2421
3681,1833681,17032,-516,1004,17069.37,26.93,-1.00,-1.0,2369
3686,1833686,17088,-496,896,17118.66,27.02,-1.00,-1.0,2440
3688,1833688,16996,-532,900,17028.12,27.12,-1.00,-1.0,2370
3691,1833691,17052,-532,896,17083.81,26.98,-1.00,-1.0,2472
3694,1833694,17024,-564,1016,17063.61,27.07,-1.00,-1.0,2385
3697,1833697,17068,-644,848,17101.18,27.12,-1.00,-1.0,2424
3700,1833700,17028,-544,932,17062.16,27.07,-1.00,-1.0,2370
3703,1833703,16968,-472,924,16999.69,27.02,-1.00,-1.0,2423
3705,1833705,17088,-552,964,17124.07,27.02,-1.00,-1.0,2356
3710,1833710,17116,-524,884,17146.82,27.07,-1.00,-1.0,2449
3713,1833713,16944,-480,948,16977.29,27.07,-1.00,-1.0,2380
3715,1833715,17048,-588,932,17083.58,27.02,-1.00,-1.0,2352
3718,1833718,17064,-556,936,17098.69,27.17,-1.00,-1.0,2432
3721,1833721,16984,-468,1020,17021.04,27.02,-1.00,-1.0,2369
3724,1833724,17020,-612,916,17055.62,26.98,-1.00,-1.0,2423
3727,1833727,17060,-540,1036,17099.96,27.12,-1.00,-1.0,2369
3729,1833729,17000,-448,912,17030.34,27.07,-1.00,-1.0,2423
3732,1833732,16948,-592,1000,16987.79,27.02,-1.00,-1.0,2370
3737,1833737,17060,-496,1120,17103.92,27.02,-1.00,-1.0,2434
3740,1833740,17012,-512,844,17040.62,26.98,-1.00,-1.0,2373
3743,1833743,16992,-616,872,17025.51,27.02,-1.00,-1.0,2434
3745,1833745,17108,-624,864,17141.16,27.02,-1.00,-1.0,2372
3748,1833748,17112,-492,1092,17153.87,27.12,-1.00,-1.0,2422
3751,1833751,16904,-528,1064,16945.68,27.02,-1.00,-1.0,2370
3754,1833754,17144,-640,768,17173.12,26.98,-1.00,-1.0,2422
3756,1833756,17108,-572,1068,17150.84,27.21,-1.00,-1.0,2371
3759,1833759,17016,-616,984,17055.55,27.07,-1.00,-1.0,2370
3764,1833764,17060,-624,876,17093.87,26.98,-1.00,-1.0,2438
3766,1833766,17136,-556,980,17173.00,27.02,-1.00,-1.0,2369
3769,1833769,17112,-596,912,17146.65,27.12,-1.00,-1.0,2440
3772,1833772,17036,-492,820,17062.82,27.12,-1.00,-1.0,2377
3775,1833775,17040,-596,904,17074.37,27.02,-1.00,-1.0,2434
3777,1833777,17040,-588,944,17076.25,27.02,-1.00,-1.0,2378
3780,1833780,17064,-616,956,17101.86,27.07,-1.00,-1.0,2422
3783,1833783,16992,-528,992,17029.12,27.02,-1.00,-1.0,2371
3788,1833788,17052,-572,1136,17099.37,27.07,-1.00,-1.0,2434
3790,1833790,17092,-596,900,17126.05,27.07,-1.00,-1.0,2368
3793,1833793,17000,-568,940,17035.44,27.12,-1.00,-1.0,2431
3796,1833796,17124,-576,1064,17166.69,27.07,-1.00,-1.0,2377
3798,1833798,16976,-516,952,17010.50,27.02,-1.00,-1.0,2374
3801,1833801,17100,-624,1076,17145.18,27.17,-1.00,-1.0,2421
3804,1833804,17064,-628,884,17098.42,27.21,-1.00,-1.0,2370
3807,1833807,17068,-580,944,17103.92,27.12,-1.00,-1.0,2425
3810,1833810,17000,-544,916,17033.35,27.02,-1.00,-1.0,2375
3815,1833815,16948,-604,896,16982.41,26.93,-1.00,-1.0,2439
3818,1833818,17012,-580,896,17045.45,27.07,-1.00,-1.0,2368
3820,1833820,17000,-524,1064,17041.32,27.12,-1.00,-1.0,2445
3823,1833823,17144,-532,992,17180.91,27.12,-1.00,-1.0,2377
3826,1833826,16948,-596,816,16978.10,27.12,-1.00,-1.0,2424
3829,1833829,17076,-588,1044,17117.99,27.02,-1.00,-1.0,2373
3831,1833831,17064,-572,928,17098.79,27.07,-1.00,-1.0,2430
3834,1833834,17084,-564,868,17115.33,27.12,-1.00,-1.0,2376
3837,1833837,17024,-532,1004,17061.88,27.02,-1.00,-1.0,2367
3842,1833842,16956,-568,980,16993.79,27.12,-1.00,-1.0,2440
3845,1833845,17024,-496,900,17054.99,27.12,-1.00,-1.0,2368
3847,1833847,16948,-548,948,16983.34,27.07,-1.00,-1.0,2441
3850,1833850,17020,-564,920,17054.18,27.12,-1.00,-1.0,2377
3853,1833853,16988,-600,908,17022.83,26.98,-1.00,-1.0,2410
3856,1833856,16996,-536,944,17030.63,27.02,-1.00,-1.0,2369
3858,1833858,16980,-684,920,17018.66,27.07,-1.00,-1.0,2432
3861,1833861,17064,-528,948,17098.47,27.02,-1.00,-1.0,2377
3866,1833866,16992,-540,912,17025.02,27.12,-1.00,-1.0,2431
3869,1833869,17004,-556,1016,17043.40,27.02,-1.00,-1.0,2376
3872,1833872,17036,-484,1080,17077.06,27.12,-1.00,-1.0,2432
3874,1833874,17020,-596,980,17058.61,27.02,-1.00,-1.0,2371
3877,1833877,16976,-600,952,17013.26,26.98,-1.00,-1.0,2370
3880,1833880,17048,-612,980,17087.11,27.07,-1.00,-1.0,2421
3882,1833882,16980,-496,1016,17017.60,27.17,-1.00,-1.0,2375
3885,1833885,17028,-544,888,17059.81,27.02,-1.00,-1.0,2421
3888,1833888,16948,-584,1036,16989.68,27.07,-1.00,-1.0,2370
3893,1833893,16956,-612,948,16993.50,27.07,-1.00,-1.0,2436
3896,1833896,17036,-588,1068,17079.57,27.07,-1.00,-1.0,2371
3898,1833898,17028,-736,792,17062.29,26.98,-1.00,-1.0,2419
3901,1833901,17048,-632,740,17075.75,27.07,-1.00,-1.0,2377
3904,1833904,17024,-524,928,17057.32,27.07,-1.00,-1.0,2424
3907,1833907,16992,-608,992,17031.79,27.17,-1.00,-1.0,2369
3910,1833910,16972,-628,936,17009.39,27.07,-1.00,-1.0,2421
3912,1833912,17036,-684,788,17067.93,27.07,-1.00,-1.0,2373
3917,1833917,16976,-468,1020,17013.05,27.07,-1.00,-1.0,2447
3920,1833920,17060,-552,916,17093.49,26.98,-1.00,-1.0,2375
3923,1833923,16948,-572,928,16983.02,27.07,-1.00,-1.0,2366
3925,1833925,17088,-512,984,17123.96,27.02,-1.00,-1.0,2431
3928,1833928,16976,-636,900,17011.73,27.12,-1.00,-1.0,2369
3931,1833931,16940,-676,1004,16983.19,27.12,-1.00,-1.0,2429
3934,1833934,17036,-556,824,17064.98,26.93,-1.00,-1.0,2368
3936,1833936,17008,-488,844,17035.92,27.02,-1.00,-1.0,2423
3939,1833939,17024,-492,952,17057.70,27.02,-1.00,-1.0,2369
3944,1833944,17044,-552,952,17079.49,27.12,-1.00,-1.0,2432
3947,1833947,17036,-504,1148,17082.07,27.12,-1.00,-1.0,2368
3950,1833950,17048,-540,956,17083.32,27.02,-1.00,-1.0,2431
3952,1833952,17060,-504,900,17091.16,27.12,-1.00,-1.0,2369
3955,1833955,16960,-556,1052,17001.69,27.12,-1.00,-1.0,2422
3958,1833958,16944,-536,800,16971.34,27.12,-1.00,-1.0,2367
3960,1833960,17008,-572,856,17039.13,27.07,-1.00,-1.0,2370
3963,1833963,16996,-528,964,17031.50,27.07,-1.00,-1.0,2436
3966,1833966,17000,-564,872,17031.69,27.02,-1.00,-1.0,2373
3971,1833971,17156,-556,1056,17197.46,27.07,-1.00,-1.0,2440
3974,1833974,17048,-444,816,17073.29,27.07,-1.00,-1.0,2369
3976,1833976,17020,-580,1028,17060.88,27.07,-1.00,-1.0,2445
3979,1833979,17040,-472,928,17071.78,26.98,-1.00,-1.0,2377
3982,1833982,17052,-600,852,17083.81,27.07,-1.00,-1.0,2410
3985,1833985,17032,-656,1036,17076.08,26.98,-1.00,-1.0,2370
3987,1833987,16948,-636,940,16985.96,27.07,-1.00,-1.0,2433
3990,1833990,17068,-564,1004,17106.80,27.07,-1.00,-1.0,2377
3995,1833995,17068,-504,976,17103.31,26.98,-1.00,-1.0,2440
3998,1833998,16984,-516,968,17019.39,27.02,-1.00,-1.0,2368
4000,1834000,17040,-600,968,17078.02,27.07,-1.00,-1.0,2366
4003,1834003,17036,-456,1052,17074.54,27.02,-1.00,-1.0,2434
4006,1834006,17036,-548,1012,17074.83,27.07,-1.00,-1.0,2373
4008,1834008,17004,-552,964,17040.25,27.12,-1.00,-1.0,2431
4011,1834011,17088,-616,988,17127.62,27.02,-1.00,-1.0,2383
4014,1834014,17044,-628,940,17081.45,27.12,-1.00,-1.0,2437
4017,1834017,16968,-640,920,17004.97,27.07,-1.00,-1.0,2369
4022,1834022,16964,-608,1032,17006.23,27.07,-1.00,-1.0,2433
4025,1834025,17044,-576,924,17078.74,27.17,-1.00,-1.0,2368
4028,1834028,16980,-604,1080,17025.03,27.07,-1.00,-1.0,2432
4030,1834030,16948,-548,928,16982.23,27.07,-1.00,-1.0,2369
4033,1834033,16928,-540,836,16957.23,26.98,-1.00,-1.0,2422
4036,1834036,17028,-536,932,17061.91,27.07,-1.00,-1.0,2377
4039,1834039,17044,-596,912,17078.79,27.12,-1.00,-1.0,2422
4041,1834041,17044,-588,904,17078.08,26.98,-1.00,-1.0,2370
4044,1834044,17100,-548,1044,17140.60,27.02,-1.00,-1.0,2374
4049,1834049,16976,-556,808,17004.31,27.07,-1.00,-1.0,2432
4052,1834052,17048,-560,952,17083.74,27.07,-1.00,-1.0,2368
4055,1834055,16976,-616,1024,17018.01,26.98,-1.00,-1.0,2432
4058,1834058,17008,-572,916,17042.25,27.17,-1.00,-1.0,2368
4060,1834060,17000,-588,816,17029.73,27.07,-1.00,-1.0,2432
4063,1834063,17100,-632,972,17139.26,26.98,-1.00,-1.0,2369
4066,1834066,17180,-512,996,17216.46,26.98,-1.00,-1.0,2424
4069,1834069,16996,-556,880,17027.85,27.07,-1.00,-1.0,2368
4074,1834074,17076,-508,936,17109.18,26.98,-1.00,-1.0,2432
4076,1834076,16916,-540,1032,16956.05,27.02,-1.00,-1.0,2368
4079,1834079,17012,-564,964,17048.62,27.17,-1.00,-1.0,2432
4082,1834082,17012,-516,948,17046.21,26.98,-1.00,-1.0,2368
4084,1834084,16956,-580,796,16984.58,26.98,-1.00,-1.0,2369
4087,1834087,17028,-580,1068,17071.31,27.12,-1.00,-1.0,2437
4090,1834090,17044,-624,828,17075.51,27.12,-1.00,-1.0,2365
4093,1834093,17004,-556,1044,17045.09,27.12,-1.00,-1.0,2425
4095,1834095,17132,-532,984,17168.48,27.07,-1.00,-1.0,2371
4100,1834100,17072,-568,988,17110.00,27.07,-1.00,-1.0,2432
4103,1834103,16900,-604,944,16937.12,27.07,-1.00,-1.0,2372
4106,1834106,17088,-632,1024,17130.32,27.12,-1.00,-1.0,2434
4109,1834109,16904,-520,936,16937.88,27.17,-1.00,-1.0,2368
4111,1834111,17128,-600,848,17159.47,27.07,-1.00,-1.0,2425
4114,1834114,17088,-648,924,17125.23,26.98,-1.00,-1.0,2370
4117,1834117,17068,-640,896,17103.48,27.12,-1.00,-1.0,2432
4120,1834120,17008,-480,984,17043.20,27.02,-1.00,-1.0,2368
4122,1834122,17116,-488,908,17147.01,27.07,-1.00,-1.0,2368
4127,1834127,17096,-584,1020,17136.36,27.17,-1.00,-1.0,2446
4130,1834130,17080,-588,932,17115.51,27.02,-1.00,-1.0,2376
4133,1834133,16900,-624,928,16936.96,26.98,-1.00,-1.0,2439
4135,1834135,16952,-564,804,16980.42,27.07,-1.00,-1.0,2377
4138,1834138,17020,-568,828,17049.59,27.07,-1.00,-1.0,2422
4141,1834141,17036,-560,980,17073.35,27.07,-1.00,-1.0,2369
4144,1834144,17044,-624,888,17078.52,26.98,-1.00,-1.0,2422
4146,1834146,17024,-564,852,17054.63,27.07,-1.00,-1.0,2376
4151,1834151,16992,-712,900,17030.71,26.98,-1.00,-1.0,2442
4154,1834154,17008,-608,1040,17050.61,27.02,-1.00,-1.0,2374
4157,1834157,16980,-548,964,17016.17,27.07,-1.00,-1.0,2434
4160,1834160,17052,-508,860,17081.23,27.17,-1.00,-1.0,2373
4162,1834162,17088,-572,972,17125.18,26.98,-1.00,-1.0,2366
4165,1834165,17108,-596,1012,17148.27,27.02,-1.00,-1.0,2421
4168,1834168,17004,-540,956,17039.41,27.07,-1.00,-1.0,2371
4171,1834171,16932,-640,1096,16979.50,27.12,-1.00,-1.0,2408
4173,1834173,17124,-648,888,17159.25,27.07,-1.00,-1.0,2369
4179,1834179,16956,-648,980,16996.65,27.12,-1.00,-1.0,2440
4182,1834182,17028,-616,884,17062.05,27.12,-1.00,-1.0,2368
4184,1834184,17120,-492,888,17150.07,27.12,-1.00,-1.0,2432
4187,1834187,17040,-500,1020,17077.82,27.12,-1.00,-1.0,2371
4190,1834190,17004,-444,1060,17042.79,27.07,-1.00,-1.0,2432
4193,1834193,16964,-616,976,17003.21,27.02,-1.00,-1.0,2368
4195,1834195,16960,-592,876,16992.92,27.17,-1.00,-1.0,2423
4198,1834198,17020,-572,900,17053.38,27.02,-1.00,-1.0,2369
4201,1834201,17036,-584,824,17065.91,27.12,-1.00,-1.0,2410
4206,1834206,16996,-592,992,17035.21,27.02,-1.00,-1.0,2441
4208,1834208,16980,-616,956,17018.04,26.93,-1.00,-1.0,2354
4211,1834211,17052,-660,964,17091.97,27.12,-1.00,-1.0,2422
4214,1834214,17108,-628,1008,17149.17,27.02,-1.00,-1.0,2367
4217,1834217,16960,-588,892,16993.62,27.12,-1.00,-1.0,2423
4219,1834219,17036,-536,904,17068.39,27.12,-1.00,-1.0,2368
4222,1834222,17156,-500,896,17186.66,27.07,-1.00,-1.0,2422
4225,1834225,17060,-604,964,17097.89,27.02,-1.00,-1.0,2367
4230,1834230,17044,-632,912,17080.08,27.12,-1.00,-1.0,2441
4232,1834232,16916,-600,904,16950.76,27.12,-1.00,-1.0,2355
4235,1834235,17068,-668,952,17107.58,27.02,-1.00,-1.0,2422
4238,1834238,16952,-636,888,16987.15,27.02,-1.00,-1.0,2371
4241,1834241,17084,-600,956,17121.24,27.12,-1.00,-1.0,2366
4243,1834243,17016,-420,856,17042.69,27.07,-1.00,-1.0,2428
4246,1834246,17108,-588,892,17141.33,27.07,-1.00,-1.0,2368
4249,1834249,16964,-560,844,16994.21,27.07,-1.00,-1.0,2429
4252,1834252,17084,-552,988,17121.45,26.98,-1.00,-1.0,2368
4257,1834257,17004,-580,756,17030.68,27.12,-1.00,-1.0,2441
4259,1834259,17084,-584,1012,17123.91,27.02,-1.00,-1.0,2367
4262,1834262,17016,-580,1048,17058.11,27.07,-1.00,-1.0,2421
4265,1834265,17036,-504,948,17069.80,27.12,-1.00,-1.0,2367
4268,1834268,17020,-572,904,17053.59,27.07,-1.00,-1.0,2423
4270,1834270,17052,-640,884,17086.89,27.12,-1.00,-1.0,2369
4273,1834273,16984,-648,960,17023.45,27.07,-1.00,-1.0,2421
4276,1834276,16976,-612,1120,17023.91,27.02,-1.00,-1.0,2367
4281,1834281,17044,-492,912,17075.47,27.02,-1.00,-1.0,2440
4284,1834284,17092,-480,916,17123.26,27.12,-1.00,-1.0,2370
4286,1834286,17060,-528,908,17092.30,27.07,-1.00,-1.0,2366
4289,1834289,17016,-560,952,17051.81,27.07,-1.00,-1.0,2427
4292,1834292,17100,-436,896,17129.01,26.98,-1.00,-1.0,2367
4294,1834294,17028,-568,984,17065.86,27.02,-1.00,-1.0,2434
4297,1834297,16992,-544,952,17027.34,26.98,-1.00,-1.0,2369
4300,1834300,17004,-564,948,17039.74,27.02,-1.00,-1.0,2431
4303,1834303,16908,-704,968,16950.31,27.07,-1.00,-1.0,2369
4308,1834308,17060,-568,956,17096.20,27.07,-1.00,-1.0,2440
4310,1834310,17072,-600,844,17103.38,27.07,-1.00,-1.0,2367
4313,1834313,17028,-536,840,17057.13,27.07,-1.00,-1.0,2421
4316,1834316,17064,-520,952,17098.45,27.07,-1.00,-1.0,2376
4318,1834318,16972,-504,912,17003.96,27.02,-1.00,-1.0,2374
4321,1834321,17048,-560,996,17086.25,27.12,-1.00,-1.0,2421
4324,1834324,17072,-592,896,17105.74,27.02,-1.00,-1.0,2355
4327,1834327,16996,-580,924,17030.98,27.12,-1.00,-1.0,2421
4329,1834329,17040,-520,988,17076.54,27.12,-1.00,-1.0,2376
4334,1834334,16956,-544,952,16991.41,27.02,-1.00,-1.0,2450
4337,1834337,17088,-576,888,17120.75,27.02,-1.00,-1.0,2382
4340,1834340,17072,-476,892,17101.91,27.02,-1.00,-1.0,2421
4343,1834343,16988,-600,788,17016.85,27.12,-1.00,-1.0,2370
4345,1834345,17096,-492,912,17127.38,27.02,-1.00,-1.0,2414
4348,1834348,16996,-464,828,17022.48,27.02,-1.00,-1.0,2376
4351,1834351,16992,-536,920,17025.33,27.17,-1.00,-1.0,2424
4354,1834354,16984,-488,1000,17020.41,27.02,-1.00,-1.0,2369
4356,1834356,17056,-488,800,17081.72,27.12,-1.00,-1.0,2372
4361,1834361,16928,-512,1020,16966.43,27.02,-1.00,-1.0,2447
4364,1834364,16984,-592,828,17014.47,27.21,-1.00,-1.0,2374
4367,1834367,16972,-620,860,17005.08,26.98,-1.00,-1.0,2421
4370,1834370,17048,-552,980,17085.06,27.12,-1.00,-1.0,2366
4372,1834372,17152,-624,912,17187.56,27.07,-1.00,-1.0,2408
4375,1834375,17156,-572,1032,17196.53,27.02,-1.00,-1.0,2376
4378,1834378,17036,-588,992,17074.98,27.07,-1.00,-1.0,2424
4381,1834381,16984,-532,948,17018.75,27.02,-1.00,-1.0,2369
4386,1834386,17020,-620,920,17056.12,26.98,-1.00,-1.0,2441
4388,1834388,16992,-556,896,17024.69,27.17,-1.00,-1.0,2367
4391,1834391,17076,-532,1036,17115.67,27.07,-1.00,-1.0,2420
4394,1834394,16956,-592,1012,16996.49,26.98,-1.00,-1.0,2367
4397,1834397,17028,-604,980,17066.87,27.07,-1.00,-1.0,2420
4399,1834399,17088,-580,920,17122.57,26.98,-1.00,-1.0,2368
4402,1834402,16968,-536,976,17004.50,27.02,-1.00,-1.0,2368
4405,1834405,17132,-480,976,17166.49,27.02,-1.00,-1.0,2424
4408,1834408,17060,-464,1020,17096.76,27.07,-1.00,-1.0,2369
4412,1834412,16960,-544,908,16993.00,26.98,-1.00,-1.0,2449
4415,1834415,17064,-616,1152,17113.93,27.12,-1.00,-1.0,2374
4418,1834418,16996,-548,892,17028.21,27.17,-1.00,-1.0,2425
4420,1834420,16964,-604,848,16995.92,27.07,-1.00,-1.0,2375
4423,1834423,17008,-628,996,17048.71,26.98,-1.00,-1.0,2420
4426,1834426,17092,-504,928,17124.59,27.17,-1.00,-1.0,2369
4429,1834429,17008,-552,904,17040.95,27.07,-1.00,-1.0,2421
4432,1834432,16988,-544,948,17023.12,27.07,-1.00,-1.0,2368
4437,1834437,17136,-572,992,17174.22,27.02,-1.00,-1.0,2458
4439,1834439,17012,-496,952,17045.83,27.12,-1.00,-1.0,2367
4442,1834442,17004,-552,1000,17042.32,27.07,-1.00,-1.0,2367
4445,1834445,17004,-560,904,17037.22,27.12,-1.00,-1.0,2421
4447,1834447,16972,-640,932,17009.62,26.98,-1.00,-1.0,2366
4450,1834450,17084,-520,1016,17122.08,27.02,-1.00,-1.0,2421
4453,1834453,17036,-588,916,17070.74,26.98,-1.00,-1.0,2368
4456,1834456,17048,-612,916,17083.56,27.02,-1.00,-1.0,2421
4459,1834459,17048,-524,852,17077.32,27.02,-1.00,-1.0,2364
4464,1834464,17000,-556,956,17035.94,27.12,-1.00,-1.0,2440
4466,1834466,16960,-624,932,16997.05,27.07,-1.00,-1.0,2364
4469,1834469,17120,-588,976,17157.88,27.02,-1.00,-1.0,2421
4472,1834472,17000,-568,916,17034.13,27.07,-1.00,-1.0,2367
4475,1834475,16988,-544,876,17019.27,27.02,-1.00,-1.0,2422
4477,1834477,17020,-640,1060,17064.98,26.93,-1.00,-1.0,2368
4480,1834480,16976,-520,1148,17022.72,27.07,-1.00,-1.0,2376
4483,1834483,16996,-648,920,17033.21,27.07,-1.00,-1.0,2434
4486,1834486,17088,-632,888,17122.72,27.12,-1.00,-1.0,2369
4491,1834491,17008,-612,1076,17052.99,27.02,-1.00,-1.0,2440
4494,1834494,17064,-640,940,17101.85,27.02,-1.00,-1.0,2369
4496,1834496,16992,-572,904,17025.64,27.02,-1.00,-1.0,2420
4499,1834499,17044,-548,928,17078.04,26.98,-1.00,-1.0,2369
4502,1834502,17028,-568,960,17064.50,27.02,-1.00,-1.0,2427
4505,1834505,17048,-576,904,17081.67,27.02,-1.00,-1.0,2371
4507,1834507,16956,-576,1028,16996.90,27.12,-1.00,-1.0,2421
4510,1834510,17076,-652,876,17110.88,27.02,-1.00,-1.0,2373
4515,1834515,16916,-528,984,16952.82,26.98,-1.00,-1.0,2441
4518,1834518,16948,-548,964,16984.24,26.98,-1.00,-1.0,2370
4520,1834520,17084,-544,1084,17127.00,27.12,-1.00,-1.0,2365
4523,1834523,17112,-524,1024,17150.62,26.98,-1.00,-1.0,2421
4526,1834526,17064,-568,848,17094.50,27.02,-1.00,-1.0,2376
4529,1834529,17080,-528,968,17115.55,26.98,-1.00,-1.0,2421
4531,1834531,17076,-596,872,17108.63,27.07,-1.00,-1.0,2369
4534,1834534,17128,-588,948,17164.29,26.98,-1.00,-1.0,2421
4537,1834537,17044,-692,936,17083.70,26.98,-1.00,-1.0,2376
4542,1834542,16996,-532,864,17026.26,27.02,-1.00,-1.0,2447
4545,1834545,16976,-584,1016,17016.40,27.02,-1.00,-1.0,2367
4547,1834547,16928,-612,1016,16969.50,27.17,-1.00,-1.0,2424
4550,1834550,17024,-536,1016,17062.71,27.02,-1.00,-1.0,2368
4553,1834553,16980,-596,900,17014.28,26.98,-1.00,-1.0,2424
4556,1834556,17040,-496,880,17069.92,27.02,-1.00,-1.0,2367
4558,1834558,16980,-500,740,17003.47,27.07,-1.00,-1.0,2423
4561,1834561,17048,-604,1068,17092.10,27.02,-1.00,-1.0,2368
4564,1834564,17004,-592,884,17037.25,27.07,-1.00,-1.0,2373
4569,1834569,17004,-532,1020,17042.87,26.98,-1.00,-1.0,2440
4571,1834571,16972,-644,992,17013.16,27.07,-1.00,-1.0,2369
4574,1834574,17080,-608,928,17115.99,27.02,-1.00,-1.0,2435
4577,1834577,17012,-540,948,17046.95,27.07,-1.00,-1.0,2376
4580,1834580,16976,-536,1100,17020.04,27.12,-1.00,-1.0,2434
4582,1834582,16984,-596,904,17018.48,27.17,-1.00,-1.0,2371
4585,1834585,16992,-492,848,17020.26,27.12,-1.00,-1.0,2431
4588,1834588,17064,-580,1056,17106.48,26.98,-1.00,-1.0,2377
4593,1834593,17028,-520,1052,17068.39,27.21,-1.00,-1.0,2444
4595,1834595,17024,-640,880,17058.74,27.02,-1.00,-1.0,2374
4598,1834598,17088,-548,916,17121.30,27.17,-1.00,-1.0,2421
4601,1834601,16992,-644,912,17028.64,27.02,-1.00,-1.0,2372
4604,1834604,17036,-552,968,17072.41,26.98,-1.00,-1.0,2353
4606,1834606,17004,-568,812,17032.85,26.98,-1.00,-1.0,2422
4609,1834609,17128,-676,884,17164.11,27.07,-1.00,-1.0,2368
4612,1834612,17112,-608,872,17144.99,27.07,-1.00,-1.0,2415
4615,1834615,17036,-580,876,17068.37,27.02,-1.00,-1.0,2368
4619,1834619,17052,-580,908,17086.01,27.02,-1.00,-1.0,2443
4622,1834622,17064,-524,872,17094.30,26.98,-1.00,-1.0,2367
4625,1834625,17008,-568,928,17042.77,27.02,-1.00,-1.0,2430
4628,1834628,17064,-584,840,17094.64,27.07,-1.00,-1.0,2368
4630,1834630,17012,-532,1028,17051.33,27.12,-1.00,-1.0,2434
4633,1834633,17072,-564,920,17106.07,27.02,-1.00,-1.0,2374
4636,1834636,17088,-552,888,17119.96,27.02,-1.00,-1.0,2423
4639,1834639,17060,-612,1068,17104.35,27.07,-1.00,-1.0,2368
4642,1834642,16956,-576,808,16985.01,27.07,-1.00,-1.0,2366
4647,1834647,17044,-568,824,17073.36,27.12,-1.00,-1.0,2448
4649,1834649,17092,-540,852,17121.74,27.12,-1.00,-1.0,2375
4652,1834652,17080,-568,876,17111.88,26.98,-1.00,-1.0,2420
4655,1834655,16996,-560,956,17032.07,27.02,-1.00,-1.0,2357
4658,1834658,16948,-632,912,16984.28,27.07,-1.00,-1.0,2421
4660,1834660,16984,-624,928,17020.78,27.12,-1.00,-1.0,2374
4663,1834663,17048,-588,1032,17089.33,27.07,-1.00,-1.0,2421
4666,1834666,16916,-544,892,16948.23,27.12,-1.00,-1.0,2356
4671,1834671,17104,-604,920,17139.37,26.93,-1.00,-1.0,2447
4674,1834674,17012,-540,788,17038.80,27.02,-1.00,-1.0,2367
4676,1834676,17088,-528,1032,17127.28,27.07,-1.00,-1.0,2429
4679,1834679,17040,-580,984,17078.24,27.02,-1.00,-1.0,2382
4682,1834682,17048,-600,920,17083.35,27.17,-1.00,-1.0,2367
4685,1834685,16960,-576,1032,17001.13,27.07,-1.00,-1.0,2408
4687,1834687,17004,-480,1012,17040.85,27.07,-1.00,-1.0,2368
4690,1834690,16952,-520,948,16986.45,26.98,-1.00,-1.0,2424
4693,1834693,16940,-528,980,16976.54,27.07,-1.00,-1.0,2367
4698,1834698,17100,-596,1088,17144.94,27.17,-1.00,-1.0,2441
4700,1834700,16992,-544,844,17021.64,27.07,-1.00,-1.0,2370
4703,1834703,16984,-484,988,17019.60,27.02,-1.00,-1.0,2420
4706,1834706,16956,-384,892,16983.79,27.07,-1.00,-1.0,2372
4709,1834709,16960,-600,980,16998.88,26.98,-1.00,-1.0,2428
4712,1834712,16948,-508,980,16983.91,27.17,-1.00,-1.0,2368
4714,1834714,17020,-588,960,17057.19,27.02,-1.00,-1.0,2420
4717,1834717,16956,-560,768,16982.62,27.07,-1.00,-1.0,2369
4720,1834720,17008,-564,868,17039.47,26.98,-1.00,-1.0,2373
4725,1834725,17028,-628,920,17064.39,27.07,-1.00,-1.0,2447
4728,1834728,17112,-520,1084,17154.18,27.07,-1.00,-1.0,2368
4730,1834730,16988,-536,908,17020.69,27.02,-1.00,-1.0,2421
4733,1834733,16952,-540,1092,16995.72,26.98,-1.00,-1.0,2370
4736,1834736,17036,-580,952,17072.43,27.02,-1.00,-1.0,2428
4739,1834739,16976,-588,1036,17017.74,27.12,-1.00,-1.0,2367
4741,1834741,16972,-624,948,17009.90,27.12,-1.00,-1.0,2423
4744,1834744,17104,-568,816,17132.87,27.02,-1.00,-1.0,2368
4749,1834749,17028,-660,1008,17070.57,27.02,-1.00,-1.0,2439
4752,1834752,16980,-600,904,17014.63,27.07,-1.00,-1.0,2367
4755,1834755,17012,-640,916,17048.66,27.02,-1.00,-1.0,2420
4757,1834757,17060,-600,816,17090.04,27.02,-1.00,-1.0,2368
4760,1834760,16936,-504,896,16967.17,27.02,-1.00,-1.0,2421
4763,1834763,17000,-688,844,17034.84,27.07,-1.00,-1.0,2367
4765,1834765,16992,-612,864,17024.96,27.12,-1.00,-1.0,2368
4768,1834768,16976,-568,828,17005.67,27.07,-1.00,-1.0,2437
4771,1834771,17016,-588,928,17051.43,27.07,-1.00,-1.0,2377
4776,1834776,17024,-604,1032,17065.94,27.02,-1.00,-1.0,2442
4779,1834779,16996,-644,948,17034.60,27.02,-1.00,-1.0,2366
4781,1834781,17124,-616,872,17157.25,27.07,-1.00,-1.0,2429
4784,1834784,17048,-600,904,17082.49,27.02,-1.00,-1.0,2368
4787,1834787,17048,-544,996,17085.73,27.07,-1.00,-1.0,2428
4790,1834790,16992,-504,872,17021.82,27.02,-1.00,-1.0,2368
4792,1834792,16968,-656,992,17009.63,27.07,-1.00,-1.0,2437
4795,1834795,17084,-600,984,17122.83,27.07,-1.00,-1.0,2369
4800,1834800,17076,-652,988,17116.98,27.07,-1.00,-1.0,2448
4803,1834803,17052,-508,908,17083.71,26.98,-1.00,-1.0,2370
4805,1834805,17044,-548,868,17074.88,27.02,-1.00,-1.0,2365
4808,1834808,17004,-596,1060,17047.43,27.12,-1.00,-1.0,2421
4811,1834811,17060,-524,968,17095.47,27.02,-1.00,-1.0,2366
4814,1834814,16956,-576,852,16987.16,27.12,-1.00,-1.0,2408
4816,1834816,17036,-588,792,17064.53,27.12,-1.00,-1.0,2369
4819,1834819,16944,-560,748,16969.74,27.02,-1.00,-1.0,2420
4822,1834822,17044,-564,1016,17083.57,27.07,-1.00,-1.0,2370
4827,1834827,17084,-544,824,17112.51,27.07,-1.00,-1.0,2440
4829,1834829,17024,-588,1060,17067.10,27.12,-1.00,-1.0,2367
4832,1834832,17008,-452,888,17037.16,27.17,-1.00,-1.0,2421
4835,1834835,17004,-512,1076,17045.70,27.07,-1.00,-1.0,2376
4838,1834838,17024,-536,940,17058.36,27.07,-1.00,-1.0,2421
4840,1834840,17008,-608,904,17042.86,27.07,-1.00,-1.0,2368
4843,1834843,17036,-508,860,17065.26,27.02,-1.00,-1.0,2366
4846,1834846,17052,-600,920,17087.34,27.02,-1.00,-1.0,2423
4849,1834849,17088,-564,784,17115.27,27.02,-1.00,-1.0,2367
4854,1834854,16992,-524,900,17023.88,27.02,-1.00,-1.0,2443
4857,1834857,17008,-524,980,17044.27,27.07,-1.00,-1.0,2374
4859,1834859,17032,-568,896,17065.01,27.02,-1.00,-1.0,2423
4862,1834862,17040,-508,1000,17076.88,27.02,-1.00,-1.0,2384
4865,1834865,16984,-528,932,17017.75,27.07,-1.00,-1.0,2459
4868,1834868,17064,-592,1112,17110.44,26.98,-1.00,-1.0,2377
4871,1834871,17020,-476,916,17051.28,27.17,-1.00,-1.0,2428
4873,1834873,16984,-612,964,17022.34,27.07,-1.00,-1.0,2371
4878,1834878,17024,-592,816,17053.82,27.07,-1.00,-1.0,2444
4881,1834881,17180,-556,824,17208.73,27.07,-1.00,-1.0,2369
4884,1834884,17112,-540,1016,17150.64,27.17,-1.00,-1.0,2369
4887,1834887,17088,-596,928,17123.55,27.12,-1.00,-1.0,2423
4889,1834889,17100,-592,1008,17139.91,27.02,-1.00,-1.0,2358
4892,1834892,17104,-628,888,17138.54,27.12,-1.00,-1.0,2423
4895,1834895,17020,-536,944,17054.58,27.12,-1.00,-1.0,2366
4897,1834897,17028,-620,968,17066.76,27.02,-1.00,-1.0,2410
4900,1834900,17012,-644,868,17046.30,27.12,-1.00,-1.0,2384
4905,1834905,17096,-500,1008,17132.99,27.07,-1.00,-1.0,2445
4908,1834908,16940,-564,968,16977.01,27.07,-1.00,-1.0,2368
4911,1834911,17092,-628,792,17121.86,27.02,-1.00,-1.0,2428
4914,1834914,17016,-500,864,17045.26,27.07,-1.00,-1.0,2369
4916,1834916,17044,-560,880,17075.89,27.12,-1.00,-1.0,2436
4919,1834919,17008,-516,1040,17047.58,27.07,-1.00,-1.0,2369
4922,1834922,17052,-556,976,17088.96,27.02,-1.00,-1.0,2370
4925,1834925,17020,-652,888,17055.62,27.07,-1.00,-1.0,2422
4927,1834927,17020,-632,980,17059.90,27.12,-1.00,-1.0,2372
4932,1834932,17008,-548,1092,17051.83,27.02,-1.00,-1.0,2455
4935,1834935,17096,-480,868,17124.75,27.12,-1.00,-1.0,2376
4938,1834938,16960,-576,844,16990.75,27.07,-1.00,-1.0,2430
4940,1834940,17156,-492,912,17187.27,27.02,-1.00,-1.0,2375
4943,1834943,16964,-604,972,17002.55,26.98,-1.00,-1.0,2422
4946,1834946,17112,-588,932,17147.45,26.93,-1.00,-1.0,2371
4949,1834949,17064,-532,896,17095.79,26.98,-1.00,-1.0,2422
4951,1834951,17064,-568,840,17094.10,27.02,-1.00,-1.0,2375
4956,1834956,17112,-556,920,17145.73,27.02,-1.00,-1.0,2453
4959,1834959,17060,-600,1000,17099.81,27.02,-1.00,-1.0,2376
4962,1834962,17028,-616,840,17059.83,27.07,-1.00,-1.0,2423
4965,1834965,17044,-568,1000,17082.76,27.12,-1.00,-1.0,2370
4967,1834967,17080,-608,912,17115.13,26.98,-1.00,-1.0,2367
4970,1834970,17080,-528,912,17112.48,26.98,-1.00,-1.0,2424
4973,1834973,17072,-548,980,17108.88,26.98,-1.00,-1.0,2368
4976,1834976,17020,-628,880,17054.30,26.98,-1.00,-1.0,2421
4978,1834978,17012,-424,852,17038.60,27.07,-1.00,-1.0,2369
4983,1834983,17020,-540,1052,17061.03,27.07,-1.00,-1.0,2449
4986,1834986,16916,-488,960,16950.24,27.17,-1.00,-1.0,2369
4989,1834989,17072,-604,1028,17113.58,27.07,-1.00,-1.0,2425
4991,1834991,17096,-572,956,17132.26,27.07,-1.00,-1.0,2370
4994,1834994,17092,-628,948,17129.79,27.07,-1.00,-1.0,2422
4997,1834997,17036,-600,892,17069.88,27.17,-1.00,-1.0,2373
5000,1835000,17048,-488,972,17082.66,27.07,-1.00,-1.0,2422
5002,1835002,17096,-588,988,17134.62,27.07,-1.00,-1.0,2371
5005,1835005,16988,-656,992,17029.58,27.12,-1.00,-1.0,2366
5011,1835011,17044,-572,800,17072.35,26.98,-1.00,-1.0,2457
5013,1835013,16972,-484,1020,17009.51,27.07,-1.00,-1.0,2379
5016,1835016,17004,-528,932,17037.71,26.93,-1.00,-1.0,2421
5019,1835019,16968,-520,956,17002.86,27.07,-1.00,-1.0,2371
5022,1835022,17028,-496,944,17061.36,27.02,-1.00,-1.0,2421
5024,1835024,17096,-488,1020,17133.35,27.07,-1.00,-1.0,2370
5027,1835027,17016,-532,960,17051.36,27.12,-1.00,-1.0,2422
5030,1835030,16932,-560,928,16966.66,27.07,-1.00,-1.0,2371
5035,1835035,17076,-544,940,17110.50,26.98,-1.00,-1.0,2446
5037,1835037,17052,-584,928,17087.21,27.07,-1.00,-1.0,2378
5040,1835040,17072,-456,984,17106.41,27.17,-1.00,-1.0,2422
5043,1835043,17004,-520,956,17038.79,27.07,-1.00,-1.0,2369
5046,1835046,17004,-568,940,17039.43,26.98,-1.00,-1.0,2366
5048,1835048,17048,-492,996,17084.16,27.02,-1.00,-1.0,2422
5051,1835051,17028,-532,860,17058.00,27.02,-1.00,-1.0,2368
5054,1835054,17004,-612,980,17043.21,27.12,-1.00,-1.0,2424
5057,1835057,17008,-504,972,17043.21,27.07,-1.00,-1.0,2368
5062,1835062,16984,-592,1016,17024.66,27.07,-1.00,-1.0,2443
5064,1835064,17008,-540,904,17040.57,27.07,-1.00,-1.0,2367
5067,1835067,17056,-644,912,17092.50,27.02,-1.00,-1.0,2421
5070,1835070,17072,-560,940,17107.03,26.98,-1.00,-1.0,2367
5073,1835073,17064,-524,880,17094.71,27.12,-1.00,-1.0,2421
5075,1835075,17040,-576,984,17078.10,27.02,-1.00,-1.0,2368
5078,1835078,17072,-528,884,17103.02,27.12,-1.00,-1.0,2420
5081,1835081,17024,-632,860,17057.42,27.02,-1.00,-1.0,2367
5083,1835083,17036,-508,1008,17073.35,27.12,-1.00,-1.0,2368
5088,1835088,16956,-468,948,16988.93,27.02,-1.00,-1.0,2443
5091,1835091,16936,-656,912,16973.22,27.02,-1.00,-1.0,2367
5094,1835094,17072,-604,824,17102.54,27.07,-1.00,-1.0,2428
5097,1835097,17020,-564,836,17049.85,27.12,-1.00,-1.0,2367
5099,1835099,17016,-508,1096,17058.83,27.17,-1.00,-1.0,2422
5102,1835102,17036,-580,968,17073.33,27.12,-1.00,-1.0,2368
5105,1835105,17120,-500,932,17152.64,27.07,-1.00,-1.0,2424
5108,1835108,17080,-556,948,17115.32,27.02,-1.00,-1.0,2367
5113,1835113,17004,-492,968,17038.63,27.02,-1.00,-1.0,2440
5115,1835115,17064,-644,944,17102.22,27.12,-1.00,-1.0,2367
5118,1835118,17056,-540,864,17086.40,27.12,-1.00,-1.0,2421
5121,1835121,17088,-472,864,17116.34,27.12,-1.00,-1.0,2367
5123,1835123,17072,-584,972,17109.62,27.07,-1.00,-1.0,2367
5126,1835126,17036,-576,888,17068.85,27.17,-1.00,-1.0,2436
5129,1835129,17036,-476,1068,17076.08,27.07,-1.00,-1.0,2379
5132,1835132,17136,-560,968,17172.45,27.12,-1.00,-1.0,2436
5134,1835134,16944,-560,992,16982.25,27.07,-1.00,-1.0,2372
5139,1835139,17044,-524,1104,17087.75,27.07,-1.00,-1.0,2441
5142,1835142,17036,-580,904,17069.82,27.07,-1.00,-1.0,2368
5145,1835145,17032,-580,1008,17071.66,27.07,-1.00,-1.0,2428
5148,1835148,17024,-544,1160,17072.14,27.07,-1.00,-1.0,2368
5150,1835150,17064,-544,900,17096.38,27.07,-1.00,-1.0,2434
5153,1835153,17016,-532,904,17048.30,27.12,-1.00,-1.0,2426
5156,1835156,17028,-572,924,17062.64,27.07,-1.00,-1.0,2414
5159,1835159,17008,-592,1048,17050.54,27.07,-1.00,-1.0,2385
5161,1835161,16960,-544,976,16996.77,27.12,-1.00,-1.0,2374
5166,1835166,17020,-544,880,17051.41,27.02,-1.00,-1.0,2447
5169,1835169,17036,-668,880,17071.79,27.12,-1.00,-1.0,2384
5172,1835172,16992,-520,1124,17037.07,27.02,-1.00,-1.0,2421
5175,1835175,17016,-532,904,17048.30,27.12,-1.00,-1.0,2373
5177,1835177,17008,-480,784,17032.82,27.02,-1.00,-1.0,2406
5180,1835180,16956,-508,1004,16993.29,27.02,-1.00,-1.0,2385
5183,1835183,17000,-520,860,17029.68,27.02,-1.00,-1.0,2422
5186,1835186,17016,-540,900,17048.34,27.02,-1.00,-1.0,2372
5191,1835191,17100,-688,924,17138.76,27.12,-1.00,-1.0,2447
5193,1835193,16952,-556,1024,16992.00,27.17,-1.00,-1.0,2381
5196,1835196,17052,-540,892,17083.85,27.12,-1.00,-1.0,2419
5199,1835199,16988,-660,928,17026.12,27.02,-1.00,-1.0,2374
5202,1835202,17008,-560,1044,17049.21,27.17,-1.00,-1.0,2462
5205,1835205,17024,-500,920,17056.17,27.07,-1.00,-1.0,2373
5207,1835207,17012,-600,1008,17052.40,27.12,-1.00,-1.0,2354
5210,1835210,17060,-660,904,17096.68,27.07,-1.00,-1.0,2422
5213,1835213,17008,-536,896,17040.02,27.02,-1.00,-1.0,2370
5218,1835218,17060,-612,972,17098.62,27.07,-1.00,-1.0,2442
5220,1835220,17056,-612,864,17088.83,27.07,-1.00,-1.0,2368
5223,1835223,17068,-584,984,17106.31,27.07,-1.00,-1.0,2422
5226,1835226,16980,-508,884,17010.58,27.07,-1.00,-1.0,2367
5229,1835229,16960,-592,932,16995.90,27.02,-1.00,-1.0,2422
5231,1835231,16976,-644,1032,17019.53,27.07,-1.00,-1.0,2357
5234,1835234,16984,-492,780,17009.02,27.02,-1.00,-1.0,2421
5237,1835237,17080,-608,852,17112.04,27.07,-1.00,-1.0,2368
5241,1835241,17012,-616,892,17046.50,27.07,-1.00,-1.0,2450
5244,1835244,17040,-508,1032,17078.78,27.12,-1.00,-1.0,2376
5247,1835247,17092,-584,944,17128.01,27.07,-1.00,-1.0,2367
5250,1835250,17068,-448,940,17099.73,27.12,-1.00,-1.0,2421
5252,1835252,17080,-564,952,17115.80,27.07,-1.00,-1.0,2369
5255,1835255,17132,-588,772,17159.46,27.12,-1.00,-1.0,2421
5258,1835258,17052,-556,1000,17090.34,27.07,-1.00,-1.0,2377
5261,1835261,17080,-552,892,17112.18,27.02,-1.00,-1.0,2422
5263,1835263,17016,-584,856,17047.52,27.12,-1.00,-1.0,2371
5268,1835268,17016,-596,888,17049.58,27.07,-1.00,-1.0,2442
5271,1835271,17040,-572,940,17075.49,27.02,-1.00,-1.0,2369
5274,1835274,16972,-600,960,17009.71,27.12,-1.00,-1.0,2429
5277,1835277,17000,-596,924,17035.52,27.02,-1.00,-1.0,2368
5279,1835279,16984,-456,816,17009.71,27.02,-1.00,-1.0,2429
5282,1835282,17140,-532,768,17165.44,27.02,-1.00,-1.0,2369
5285,1835285,17028,-548,1060,17069.76,27.07,-1.00,-1.0,2370
5288,1835288,17116,-516,1024,17154.37,27.07,-1.00,-1.0,2422
5290,1835290,17108,-656,920,17145.27,27.12,-1.00,-1.0,2373
5295,1835295,17060,-580,900,17093.57,27.12,-1.00,-1.0,2442
5298,1835298,16988,-588,940,17024.14,27.02,-1.00,-1.0,2368
5301,1835301,17072,-556,968,17108.46,27.07,-1.00,-1.0,2430
5304,1835304,16964,-536,928,16997.82,27.12,-1.00,-1.0,2368
5306,1835306,17028,-532,996,17065.40,27.07,-1.00,-1.0,2434
5309,1835309,16944,-536,956,16979.41,27.02,-1.00,-1.0,2381
5312,1835312,17048,-632,904,17083.65,27.07,-1.00,-1.0,2411
5315,1835315,16984,-560,912,17017.69,27.12,-1.00,-1.0,2370
5320,1835320,17164,-528,1012,17201.91,27.12,-1.00,-1.0,2441
5322,1835322,16992,-520,936,17025.70,27.12,-1.00,-1.0,2370
5325,1835325,17036,-572,940,17071.50,27.07,-1.00,-1.0,2366
5328,1835328,17008,-556,896,17040.66,27.12,-1.00,-1.0,2422
5330,1835330,16980,-592,1000,17019.72,27.07,-1.00,-1.0,2375
5333,1835333,17156,-584,940,17191.65,27.07,-1.00,-1.0,2422
5336,1835336,17076,-568,852,17106.67,27.07,-1.00,-1.0,2373
5339,1835339,17004,-456,876,17032.65,27.12,-1.00,-1.0,2421
5341,1835341,16936,-576,904,16969.89,27.07,-1.00,-1.0,2371
5347,1835347,17104,-564,880,17135.91,27.07,-1.00,-1.0,2444
5349,1835349,17020,-604,948,17057.08,27.07,-1.00,-1.0,2373
5352,1835352,16988,-600,912,17023.04,27.07,-1.00,-1.0,2431
5355,1835355,17000,-644,972,17039.94,26.98,-1.00,-1.0,2377
5358,1835358,17076,-612,924,17111.93,27.07,-1.00,-1.0,2436
5360,1835360,16964,-600,884,16997.61,27.07,-1.00,-1.0,2377
5363,1835363,17036,-568,964,17072.70,27.02,-1.00,-1.0,2366
5366,1835366,17036,-544,820,17064.40,27.12,-1.00,-1.0,2430
5369,1835369,16984,-596,1000,17023.85,27.12,-1.00,-1.0,2372
5374,1835374,17056,-568,952,17091.99,26.93,-1.00,-1.0,2441
5376,1835376,16992,-516,912,17024.28,27.07,-1.00,-1.0,2368
5379,1835379,17144,-548,972,17180.27,27.02,-1.00,-1.0,2421
5382,1835382,17040,-632,1052,17084.14,27.02,-1.00,-1.0,2367
5385,1835385,17028,-484,936,17060.57,27.12,-1.00,-1.0,2422
5387,1835387,17016,-548,920,17049.66,27.07,-1.00,-1.0,2369
5390,1835390,17020,-580,880,17052.60,27.12,-1.00,-1.0,2421
5393,1835393,17084,-668,912,17121.36,27.02,-1.00,-1.0,2368
5398,1835398,17024,-556,956,17059.88,27.02,-1.00,-1.0,2450
5400,1835400,17076,-504,884,17106.29,27.07,-1.00,-1.0,2376
5403,1835403,17008,-532,956,17043.15,27.12,-1.00,-1.0,2366
5406,1835406,17000,-552,1056,17041.71,27.07,-1.00,-1.0,2424
5409,1835409,16996,-544,952,17031.33,27.02,-1.00,-1.0,2368
5411,1835411,17040,-616,1008,17080.90,27.17,-1.00,-1.0,2422
5414,1835414,17060,-452,1056,17098.63,27.02,-1.00,-1.0,2372
5417,1835417,17072,-580,1004,17111.33,27.07,-1.00,-1.0,2425
5420,1835420,17108,-588,1028,17148.94,27.07,-1.00,-1.0,2368
5424,1835424,17072,-644,904,17108.04,27.07,-1.00,-1.0,2443
5427,1835427,17008,-524,1024,17046.85,27.07,-1.00,-1.0,2369
5430,1835430,17076,-504,840,17104.08,27.07,-1.00,-1.0,2428
5433,1835433,17060,-608,976,17098.71,27.07,-1.00,-1.0,2369
5435,1835435,17016,-468,932,17047.93,27.12,-1.00,-1.0,2435
5438,1835438,17044,-584,904,17077.95,27.07,-1.00,-1.0,2370
5441,1835441,16940,-640,1004,16981.79,27.02,-1.00,-1.0,2433
5444,1835444,17072,-544,988,17109.21,27.07,-1.00,-1.0,2369
5447,1835447,16956,-604,904,16990.82,27.07,-1.00,-1.0,2367
5451,1835451,17012,-580,956,17048.71,27.02,-1.00,-1.0,2450
5454,1835454,17024,-576,1032,17064.97,27.12,-1.00,-1.0,2368
5457,1835457,17040,-552,1044,17080.87,27.02,-1.00,-1.0,2421
5459,1835459,17104,-568,864,17135.22,27.12,-1.00,-1.0,2376
5462,1835462,17108,-612,892,17142.17,27.12,-1.00,-1.0,2421
5465,1835465,17024,-592,884,17057.21,27.02,-1.00,-1.0,2370
5468,1835468,17016,-504,912,17047.88,27.07,-1.00,-1.0,2422
5471,1835471,17084,-580,884,17116.69,27.07,-1.00,-1.0,2426
5476,1835476,16920,-536,948,16955.01,27.12,-1.00,-1.0,2446
5478,1835478,16972,-520,1004,17009.62,27.12,-1.00,-1.0,2381
5481,1835481,17100,-608,972,17138.39,27.02,-1.00,-1.0,2419
5484,1835484,17028,-560,964,17064.46,27.12,-1.00,-1.0,2374
5487,1835487,17080,-528,964,17115.33,27.17,-1.00,-1.0,2367
5489,1835489,17032,-584,896,17065.55,26.98,-1.00,-1.0,2421
5492,1835492,16976,-636,844,17008.86,27.07,-1.00,-1.0,2372
5495,1835495,17024,-624,976,17063.37,26.98,-1.00,-1.0,2426
5498,1835498,16968,-700,940,17008.43,27.07,-1.00,-1.0,2370
5503,1835503,17016,-568,924,17050.53,27.07,-1.00,-1.0,2438
5505,1835505,17016,-636,944,17054.03,27.07,-1.00,-1.0,2370
5508,1835508,17020,-476,1000,17056.00,27.07,-1.00,-1.0,2418
5511,1835511,16968,-580,1144,17016.41,27.17,-1.00,-1.0,2382
5514,1835514,17016,-520,980,17052.13,27.12,-1.00,-1.0,2418
5516,1835516,16988,-648,920,17025.23,27.17,-1.00,-1.0,2371
5519,1835519,16936,-484,920,16967.88,27.07,-1.00,-1.0,2418
5522,1835522,17032,-572,1104,17077.32,27.02,-1.00,-1.0,2429
5525,1835525,17048,-512,760,17072.61,27.12,-1.00,-1.0,2367
5530,1835530,17012,-556,1044,17053.07,27.02,-1.00,-1.0,2440
5532,1835532,16980,-664,928,17018.30,27.02,-1.00,-1.0,2367
5535,1835535,17092,-564,1028,17132.17,27.12,-1.00,-1.0,2436
5538,1835538,17064,-616,988,17103.68,27.12,-1.00,-1.0,2378
5541,1835541,17048,-560,876,17079.67,27.02,-1.00,-1.0,2432
5543,1835543,16932,-612,952,16969.78,27.12,-1.00,-1.0,2373
5546,1835546,17020,-540,884,17051.49,27.07,-1.00,-1.0,2417
5549,1835549,17060,-648,920,17097.07,27.12,-1.00,-1.0,2376
5554,1835554,17040,-580,944,17075.98,27.02,-1.00,-1.0,2427
5557,1835557,17020,-580,1036,17061.36,27.02,-1.00,-1.0,2367
5559,1835559,17004,-528,1104,17047.98,27.12,-1.00,-1.0,2422
5562,1835562,17020,-580,960,17056.92,27.07,-1.00,-1.0,2369
5565,1835565,17016,-576,992,17054.62,27.07,-1.00,-1.0,2368
5568,1835568,17080,-532,1016,17118.46,26.98,-1.00,-1.0,2423
5570,1835570,17052,-520,888,17083.02,27.07,-1.00,-1.0,2371
5573,1835573,16968,-620,968,17006.89,27.07,-1.00,-1.0,2423
5576,1835576,16912,-652,1004,16954.32,27.07,-1.00,-1.0,2370
5581,1835581,17024,-644,972,17063.88,27.07,-1.00,-1.0,2447
5583,1835583,17000,-600,852,17031.91,27.17,-1.00,-1.0,2379
5586,1835586,17000,-472,1008,17036.40,27.07,-1.00,-1.0,2421
5589,1835589,16984,-588,956,17021.04,27.07,-1.00,-1.0,2373
5592,1835592,16972,-572,980,17009.89,27.07,-1.00,-1.0,2421
5594,1835594,17000,-556,968,17036.61,27.07,-1.00,-1.0,2375
5597,1835597,16984,-512,1088,17026.51,27.17,-1.00,-1.0,2421
5600,1835600,17028,-548,844,17057.71,27.17,-1.00,-1.0,2371
5605,1835605,17120,-536,928,17153.51,26.98,-1.00,-1.0,2428
5608,1835608,17008,-604,1012,17048.78,27.07,-1.00,-1.0,2372
5610,1835610,16984,-528,948,17018.63,27.02,-1.00,-1.0,2365
5613,1835613,17052,-616,1136,17100.90,27.12,-1.00,-1.0,2421
5616,1835616,17064,-588,948,17100.43,27.02,-1.00,-1.0,2371
5619,1835619,16980,-676,788,17011.71,27.02,-1.00,-1.0,2420
5621,1835621,16936,-568,896,16969.19,27.02,-1.00,-1.0,2368
5624,1835624,16952,-496,908,16983.54,27.21,-1.00,-1.0,2421
5627,1835627,17012,-584,1044,17054.01,27.12,-1.00,-1.0,2367
5632,1835632,17060,-580,900,17093.57,27.07,-1.00,-1.0,2440
5634,1835634,16940,-516,1068,16981.47,27.12,-1.00,-1.0,2369
5637,1835637,17052,-624,1012,17093.40,26.98,-1.00,-1.0,2437
5640,1835640,17016,-596,896,17049.99,27.07,-1.00,-1.0,2382
5643,1835643,16976,-584,892,17009.45,27.07,-1.00,-1.0,2431
5645,1835645,17144,-604,888,17177.60,27.07,-1.00,-1.0,2371
5648,1835648,17012,-656,928,17049.92,27.07,-1.00,-1.0,2366
5651,1835651,17036,-564,980,17073.48,27.12,-1.00,-1.0,2428
5654,1835654,16984,-652,924,17021.61,27.12,-1.00,-1.0,2367
5658,1835658,17092,-632,896,17127.13,27.07,-1.00,-1.0,2451
5661,1835661,16992,-624,932,17028.98,27.07,-1.00,-1.0,2375
5664,1835664,17020,-628,872,17053.89,27.07,-1.00,-1.0,2421
5667,1835667,17036,-524,968,17071.52,27.07,-1.00,-1.0,2374
5669,1835669,17128,-564,840,17157.86,27.12,-1.00,-1.0,2428
5672,1835672,16948,-572,920,16982.59,27.07,-1.00,-1.0,2376
5675,1835675,16984,-580,1088,17028.69,27.07,-1.00,-1.0,2421
5678,1835678,16980,-636,964,17019.23,27.02,-1.00,-1.0,2366
5683,1835683,16980,-644,948,17018.63,27.12,-1.00,-1.0,2440
5685,1835685,16956,-500,900,16987.23,27.02,-1.00,-1.0,2354
5688,1835688,17000,-568,976,17037.46,27.07,-1.00,-1.0,2365
5691,1835691,16960,-624,980,16999.75,27.07,-1.00,-1.0,2429
5694,1835694,17036,-652,928,17073.71,27.07,-1.00,-1.0,2368
5696,1835696,17072,-568,944,17107.51,27.07,-1.00,-1.0,2429
5699,1835699,17176,-460,956,17208.73,27.07,-1.00,-1.0,2369
5702,1835702,17064,-532,720,17087.47,27.07,-1.00,-1.0,2428
5705,1835705,17092,-528,1028,17131.03,27.02,-1.00,-1.0,2367
5710,1835710,17008,-532,1044,17048.31,27.02,-1.00,-1.0,2440
5713,1835713,17080,-556,920,17113.79,27.12,-1.00,-1.0,2367
5715,1835715,16980,-540,1020,17019.18,27.07,-1.00,-1.0,2421
5718,1835718,16956,-584,964,16993.42,27.02,-1.00,-1.0,2368
5721,1835721,17104,-556,848,17134.03,27.07,-1.00,-1.0,2428
5724,1835724,17104,-604,860,17136.26,27.02,-1.00,-1.0,2367
5726,1835726,16972,-524,836,17000.65,27.07,-1.00,-1.0,2372
5729,1835729,17120,-548,836,17149.16,27.07,-1.00,-1.0,2423
5732,1835732,17008,-604,876,17041.25,27.17,-1.00,-1.0,2375
5737,1835737,16996,-572,908,17029.85,27.07,-1.00,-1.0,2448
5740,1835740,17100,-512,912,17131.96,27.07,-1.00,-1.0,2368
5742,1835742,17060,-568,1016,17099.66,26.98,-1.00,-1.0,2423
5745,1835745,17032,-528,1024,17070.92,27.07,-1.00,-1.0,2370
5748,1835748,17012,-592,908,17046.50,27.17,-1.00,-1.0,2429
5751,1835751,17000,-564,1024,17040.15,26.98,-1.00,-1.0,2358
5753,1835753,17004,-540,888,17035.73,27.07,-1.00,-1.0,2424
5756,1835756,17080,-532,892,17111.55,27.07,-1.00,-1.0,2368
5761,1835761,16960,-568,912,16994.00,27.17,-1.00,-1.0,2441
5764,1835764,17004,-612,1028,17046.04,26.93,-1.00,-1.0,2374
5767,1835767,16980,-552,844,17009.92,27.17,-1.00,-1.0,2421
5770,1835770,17024,-484,812,17050.22,27.02,-1.00,-1.0,2369
5772,1835772,17036,-588,944,17072.26,27.17,-1.00,-1.0,2365
5775,1835775,17052,-604,996,17091.74,27.07,-1.00,-1.0,2428
5778,1835778,16984,-700,980,17026.64,27.07,-1.00,-1.0,2367
5780,1835780,17064,-500,896,17094.82,27.12,-1.00,-1.0,2435
5783,1835783,17060,-636,1016,17102.06,27.02,-1.00,-1.0,2368
5788,1835788,17052,-524,868,17082.12,27.07,-1.00,-1.0,2441
5791,1835791,17052,-628,928,17088.78,27.07,-1.00,-1.0,2367
5794,1835794,16972,-592,1032,17013.65,27.02,-1.00,-1.0,2420
5796,1835796,16996,-600,852,17027.92,27.07,-1.00,-1.0,2369
5799,1835799,17044,-532,964,17079.53,27.02,-1.00,-1.0,2421
5802,1835802,17004,-512,1040,17043.47,27.07,-1.00,-1.0,2376
5805,1835805,17028,-504,916,17060.07,27.12,-1.00,-1.0,2421
5807,1835807,16944,-584,924,16979.22,27.07,-1.00,-1.0,2370
5810,1835810,17092,-540,984,17128.82,27.12,-1.00,-1.0,2355
5815,1835815,16964,-520,944,16998.20,27.02,-1.00,-1.0,2448
5818,1835818,17004,-588,1084,17048.66,27.21,-1.00,-1.0,2369
5820,1835820,17040,-544,988,17077.29,27.12,-1.00,-1.0,2434
5823,1835823,17020,-636,944,17058.02,27.12,-1.00,-1.0,2369
5826,1835826,16976,-452,968,17009.58,27.02,-1.00,-1.0,2426
5829,1835829,17008,-548,888,17039.98,27.02,-1.00,-1.0,2369
5831,1835831,17104,-532,924,17137.20,27.07,-1.00,-1.0,2431
5834,1835834,16972,-676,912,17009.92,27.02,-1.00,-1.0,2380
5841,1835841,17032,-532,896,17063.85,27.02,-1.00,-1.0,2448
5844,1835844,16948,-556,952,16983.82,27.02,-1.00,-1.0,2373
5846,1835846,17084,-608,920,17119.55,27.07,-1.00,-1.0,2429
5849,1835849,16976,-612,916,17011.71,27.07,-1.00,-1.0,2383
5852,1835852,17012,-588,1040,17053.90,27.07,-1.00,-1.0,2367
5855,1835855,16916,-568,892,16949.02,27.12,-1.00,-1.0,2420
5857,1835857,17088,-640,944,17126.02,27.07,-1.00,-1.0,2355
5860,1835860,17004,-580,844,17034.81,27.12,-1.00,-1.0,2421
5863,1835863,16940,-644,1008,16982.18,27.17,-1.00,-1.0,2368
5868,1835868,17016,-648,976,17056.28,27.07,-1.00,-1.0,2443
5870,1835870,17156,-536,868,17186.30,26.98,-1.00,-1.0,2356
5873,1835873,17048,-600,1028,17089.50,27.07,-1.00,-1.0,2421
5876,1835876,16924,-624,864,16957.53,27.17,-1.00,-1.0,2370
5879,1835879,16988,-608,908,17023.11,27.07,-1.00,-1.0,2421
5881,1835881,16984,-508,1032,17022.91,26.98,-1.00,-1.0,2369
5884,1835884,17016,-532,980,17052.50,27.12,-1.00,-1.0,2421
5887,1835887,16976,-656,904,17012.71,27.07,-1.00,-1.0,2372
5889,1835889,17052,-580,940,17087.74,27.12,-1.00,-1.0,2366
5894,1835894,17072,-572,796,17100.12,27.02,-1.00,-1.0,2440
5897,1835897,16956,-584,896,16989.70,27.07,-1.00,-1.0,2367
5900,1835900,17124,-504,996,17160.34,27.02,-1.00,-1.0,2427
5903,1835903,17032,-584,924,17067.04,27.12,-1.00,-1.0,2367
5905,1835905,17024,-516,836,17052.32,27.12,-1.00,-1.0,2422
5908,1835908,17100,-484,952,17133.32,27.12,-1.00,-1.0,2368
5911,1835911,17064,-604,956,17101.43,27.12,-1.00,-1.0,2429
5914,1835914,17004,-636,940,17041.83,27.02,-1.00,-1.0,2368
5919,1835919,16992,-504,1000,17028.86,27.07,-1.00,-1.0,2443
5921,1835921,17052,-580,904,17085.79,27.07,-1.00,-1.0,2356
5924,1835924,17056,-580,880,17088.53,27.02,-1.00,-1.0,2420
5927,1835927,17056,-520,944,17090.02,27.17,-1.00,-1.0,2368
5929,1835929,17008,-584,852,17039.34,27.12,-1.00,-1.0,2365
5932,1835932,17016,-604,932,17052.21,27.17,-1.00,-1.0,2421
5935,1835935,16972,-572,1020,17012.24,27.12,-1.00,-1.0,2376
5938,1835938,17020,-464,792,17044.73,27.07,-1.00,-1.0,2421
5940,1835940,17036,-616,844,17068.01,27.12,-1.00,-1.0,2370
5945,1835945,17024,-504,1016,17061.74,27.02,-1.00,-1.0,2440
5948,1835948,16936,-520,1060,16977.11,27.02,-1.00,-1.0,2368
5951,1835951,17080,-504,840,17108.07,27.02,-1.00,-1.0,2427
5954,1835954,16904,-484,900,16934.86,27.02,-1.00,-1.0,2367
5956,1835956,16924,-616,908,16959.53,27.12,-1.00,-1.0,2422
5959,1835959,16944,-564,1028,16984.52,27.02,-1.00,-1.0,2369
5962,1835962,17044,-560,912,17077.57,27.02,-1.00,-1.0,2428
5965,1835965,16976,-540,860,17006.35,27.12,-1.00,-1.0,2367
5967,1835967,17056,-596,880,17089.08,27.17,-1.00,-1.0,2365
5972,1835972,16948,-516,876,16978.47,27.07,-1.00,-1.0,2441
5975,1835975,16984,-528,928,17017.53,27.12,-1.00,-1.0,2367
5978,1835978,16944,-624,796,16974.16,27.07,-1.00,-1.0,2421
5980,1835980,17076,-528,848,17105.19,27.07,-1.00,-1.0,2370
5983,1835983,16968,-620,868,17001.50,27.17,-1.00,-1.0,2421
5986,1835986,16984,-540,1044,17024.62,27.07,-1.00,-1.0,2379
5989,1835989,16928,-496,1016,16965.71,27.07,-1.00,-1.0,2421
5991,1835991,16960,-576,1024,17000.65,27.07,-1.00,-1.0,2369
5996,1835996,16984,-528,944,17018.41,27.07,-1.00,-1.0,2440
5999,1835999,17000,-532,976,17036.30,27.12,-1.00,-1.0,2354
6002,1836002,17128,-592,988,17166.68,27.07,-1.00,-1.0,2429
6005,1836005,17004,-456,1016,17040.43,27.12,-1.00,-1.0,2367
6007,1836007,16996,-568,944,17031.67,27.17,-1.00,-1.0,2423
6010,1836010,17088,-580,892,17121.09,27.21,-1.00,-1.0,2368
6013,1836013,17040,-672,992,17082.07,27.07,-1.00,-1.0,2366
6015,1836015,16968,-612,1088,17013.86,27.02,-1.00,-1.0,2431
6018,1836018,17116,-484,924,17147.75,27.07,-1.00,-1.0,2374
6023,1836023,17032,-604,876,17065.21,27.07,-1.00,-1.0,2441
6026,1836026,17064,-460,860,17091.85,27.07,-1.00,-1.0,2376
6029,1836029,16992,-588,892,17025.55,27.17,-1.00,-1.0,2421
6031,1836031,17108,-616,1008,17148.74,27.07,-1.00,-1.0,2371
6034,1836034,17040,-580,948,17076.20,27.12,-1.00,-1.0,2437
6037,1836037,17132,-536,1012,17170.23,27.07,-1.00,-1.0,2364
6040,1836040,17056,-628,896,17091.06,27.07,-1.00,-1.0,2425
6042,1836042,17040,-640,964,17079.24,27.07,-1.00,-1.0,2369
6047,1836047,17068,-404,920,17097.55,27.12,-1.00,-1.0,2456
6050,1836050,17188,-520,1064,17228.75,27.12,-1.00,-1.0,2370
6053,1836053,17008,-624,940,17045.38,27.07,-1.00,-1.0,2364
6055,1836055,17056,-632,908,17091.84,27.07,-1.00,-1.0,2421
6058,1836058,17080,-632,976,17119.53,27.07,-1.00,-1.0,2369
6061,1836061,17024,-524,816,17051.60,27.07,-1.00,-1.0,2428
6064,1836064,16932,-608,904,16967.01,27.07,-1.00,-1.0,2372
6066,1836066,17032,-532,984,17068.69,27.07,-1.00,-1.0,2422
6069,1836069,16936,-560,884,16968.30,27.07,-1.00,-1.0,2369
6074,1836074,17108,-700,676,17135.65,27.12,-1.00,-1.0,2448
6076,1836076,17052,-560,976,17089.09,27.12,-1.00,-1.0,2375
6079,1836079,17036,-644,952,17074.73,27.17,-1.00,-1.0,2421
6082,1836082,17168,-556,996,17205.85,27.12,-1.00,-1.0,2369
6085,1836085,17152,-608,1012,17192.58,27.17,-1.00,-1.0,2421
6087,1836087,17020,-568,864,17051.38,27.07,-1.00,-1.0,2375
6090,1836090,16936,-544,996,16973.98,27.17,-1.00,-1.0,2365
6093,1836093,17000,-532,852,17029.65,27.12,-1.00,-1.0,2428
6096,1836096,16920,-548,992,16957.91,26.98,-1.00,-1.0,2368
6101,1836101,17084,-572,972,17121.19,27.07,-1.00,-1.0,2440
6103,1836103,17088,-608,1036,17130.17,27.07,-1.00,-1.0,2367
6106,1836106,17048,-608,1076,17092.74,27.02,-1.00,-1.0,2421
6109,1836109,16868,-520,1016,16906.57,27.07,-1.00,-1.0,2368
6112,1836112,17040,-540,908,17072.72,27.07,-1.00,-1.0,2421
6114,1836114,17036,-584,988,17074.62,27.07,-1.00,-1.0,2355
6117,1836117,17044,-540,964,17079.78,26.93,-1.00,-1.0,2420
6120,1836120,16992,-668,896,17028.71,27.07,-1.00,-1.0,2368
6125,1836125,17068,-568,876,17099.90,27.07,-1.00,-1.0,2440
6127,1836127,17072,-568,1076,17115.30,27.07,-1.00,-1.0,2370
6130,1836130,17112,-468,960,17145.29,27.12,-1.00,-1.0,2365
6133,1836133,17072,-648,928,17109.48,27.12,-1.00,-1.0,2427
6136,1836136,17100,-556,980,17137.08,27.07,-1.00,-1.0,2371
6138,1836138,16988,-580,884,17020.87,27.12,-1.00,-1.0,2436
6141,1836141,17000,-560,1028,17040.26,27.02,-1.00,-1.0,2368
6144,1836144,17068,-580,852,17099.09,27.07,-1.00,-1.0,2429
6147,1836147,16896,-692,944,16936.49,27.12,-1.00,-1.0,2368
6152,1836152,16936,-520,1064,16977.36,27.12,-1.00,-1.0,2440
6154,1836154,16992,-492,1024,17029.94,27.12,-1.00,-1.0,2367
6157,1836157,17044,-524,892,17075.37,27.12,-1.00,-1.0,2421
6160,1836160,17080,-628,1068,17124.88,27.02,-1.00,-1.0,2375
6163,1836163,17132,-652,1004,17173.78,27.12,-1.00,-1.0,2421
6165,1836165,16992,-552,920,17025.84,27.02,-1.00,-1.0,2369
6168,1836168,17096,-500,996,17132.29,27.12,-1.00,-1.0,2420
6171,1836171,17000,-604,872,17033.06,27.12,-1.00,-1.0,2376
6173,1836173,16848,-652,888,16883.98,27.17,-1.00,-1.0,2374
6178,1836178,17072,-548,912,17105.12,27.07,-1.00,-1.0,2448
6181,1836181,16996,-512,1048,17035.97,26.98,-1.00,-1.0,2374
6184,1836184,17012,-572,912,17046.03,27.07,-1.00,-1.0,2425
6187,1836187,16992,-528,936,17025.95,26.98,-1.00,-1.0,2369
6189,1836189,17068,-544,860,17098.31,27.07,-1.00,-1.0,2423
6192,1836192,16932,-672,916,16970.07,27.07,-1.00,-1.0,2384
6195,1836195,17132,-576,972,17169.22,27.07,-1.00,-1.0,2421
6198,1836198,16932,-544,932,16966.35,27.17,-1.00,-1.0,2370
6203,1836203,16972,-504,892,17002.90,27.21,-1.00,-1.0,2443
6206,1836206,17036,-556,1012,17075.09,27.12,-1.00,-1.0,2371
6208,1836208,17124,-456,1012,17159.94,27.07,-1.00,-1.0,2436
6211,1836211,16956,-612,1004,16996.72,27.07,-1.00,-1.0,2369
6214,1836214,17060,-604,924,17095.68,27.07,-1.00,-1.0,2366
6217,1836217,16956,-672,972,16997.13,27.12,-1.00,-1.0,2420
6219,1836219,16996,-520,1016,17034.28,27.07,-1.00,-1.0,2370
6222,1836222,17052,-508,992,17088.38,27.21,-1.00,-1.0,2421
6225,1836225,17048,-608,1020,17089.30,26.98,-1.00,-1.0,2369
6230,1836230,16996,-528,892,17027.58,27.17,-1.00,-1.0,2449
6232,1836232,17000,-568,908,17033.71,27.07,-1.00,-1.0,2377
6235,1836235,17056,-644,952,17094.68,27.02,-1.00,-1.0,2420
6238,1836238,16960,-532,976,16996.39,27.07,-1.00,-1.0,2372
6241,1836241,16984,-456,968,17017.67,27.12,-1.00,-1.0,2422
6243,1836243,17040,-548,868,17070.89,27.17,-1.00,-1.0,2375
6246,1836246,17028,-592,964,17065.54,27.02,-1.00,-1.0,2421
6249,1836249,17028,-536,868,17058.53,27.07,-1.00,-1.0,2369
6252,1836252,17016,-492,860,17044.82,27.02,-1.00,-1.0,2366
6256,1836256,17036,-544,996,17073.76,27.07,-1.00,-1.0,2441
6259,1836259,16976,-604,964,17014.07,26.98,-1.00,-1.0,2368
6262,1836262,16956,-608,948,16993.36,27.07,-1.00,-1.0,2427
6265,1836265,17072,-560,988,17109.73,27.17,-1.00,-1.0,2368
6267,1836267,17028,-612,804,17057.95,27.17,-1.00,-1.0,2428
6270,1836270,17088,-600,1060,17131.36,27.07,-1.00,-1.0,2369
6273,1836273,17084,-472,904,17114.41,27.07,-1.00,-1.0,2427
6276,1836276,16996,-584,968,17033.56,26.98,-1.00,-1.0,2369
6280,1836280,16976,-436,1020,17012.20,27.02,-1.00,-1.0,2440
6283,1836283,17072,-560,1044,17113.06,27.02,-1.00,-1.0,2369
6286,1836286,17052,-592,824,17082.16,27.02,-1.00,-1.0,2420
6288,1836288,17028,-576,972,17065.44,27.02,-1.00,-1.0,2370
6291,1836291,17008,-520,988,17044.61,27.07,-1.00,-1.0,2365
6294,1836294,16988,-520,1164,17035.77,27.17,-1.00,-1.0,2427
6297,1836297,17044,-528,1036,17083.62,27.17,-1.00,-1.0,2369
6299,1836299,17012,-644,832,17044.50,27.07,-1.00,-1.0,2429
6302,1836302,16948,-472,796,16973.25,27.07,-1.00,-1.0,2370
6307,1836307,16952,-552,988,16989.74,27.07,-1.00,-1.0,2441
6310,1836310,17032,-620,924,17068.31,27.07,-1.00,-1.0,2367
6313,1836313,16996,-616,1000,17036.53,27.02,-1.00,-1.0,2428
6316,1836316,17052,-640,888,17087.10,27.07,-1.00,-1.0,2370
6318,1836318,17004,-556,972,17040.83,27.07,-1.00,-1.0,2435
6321,1836321,16948,-604,1016,16989.17,27.17,-1.00,-1.0,2368
6324,1836324,16976,-572,964,17012.97,27.02,-1.00,-1.0,2429
6327,1836327,16992,-612,944,17029.20,27.07,-1.00,-1.0,2369
6332,1836332,17028,-500,944,17061.47,27.07,-1.00,-1.0,2441
6334,1836334,17020,-532,900,17052.08,27.07,-1.00,-1.0,2354
6337,1836337,17116,-444,860,17143.34,27.12,-1.00,-1.0,2373
6340,1836340,17032,-528,908,17064.36,27.02,-1.00,-1.0,2433
6342,1836342,17048,-568,876,17079.94,27.12,-1.00,-1.0,2377
6345,1836345,16988,-516,740,17011.94,27.02,-1.00,-1.0,2420
6348,1836348,17000,-624,992,17040.35,27.21,-1.00,-1.0,2356
6351,1836351,17012,-512,992,17048.59,27.02,-1.00,-1.0,2432
6353,1836353,17080,-608,1024,17121.47,27.12,-1.00,-1.0,2375
6358,1836358,17056,-480,936,17088.41,27.12,-1.00,-1.0,2449
6361,1836361,17048,-616,1024,17089.83,27.02,-1.00,-1.0,2371
6364,1836364,17020,-676,948,17059.78,27.02,-1.00,-1.0,2424
6367,1836367,16980,-532,1008,17018.21,27.02,-1.00,-1.0,2367
6369,1836369,17012,-644,1068,17057.65,27.12,-1.00,-1.0,2429
6372,1836372,17044,-564,972,17081.01,27.02,-1.00,-1.0,2381
6375,1836375,16988,-544,956,17023.57,27.07,-1.00,-1.0,2369
6378,1836378,17020,-524,956,17054.88,27.07,-1.00,-1.0,2407
6380,1836380,17060,-560,948,17095.49,27.07,-1.00,-1.0,2371
6385,1836385,17036,-608,952,17073.41,27.02,-1.00,-1.0,2449
6388,1836388,17068,-580,1116,17114.28,27.12,-1.00,-1.0,2383
6391,1836391,17012,-496,952,17045.83,27.07,-1.00,-1.0,2423
6394,1836394,17028,-456,912,17058.50,27.12,-1.00,-1.0,2367
6396,1836396,16972,-640,1060,17017.11,27.07,-1.00,-1.0,2408
6399,1836399,17000,-572,832,17029.96,27.21,-1.00,-1.0,2384
6402,1836402,17068,-636,924,17104.82,27.07,-1.00,-1.0,2422
6405,1836405,16968,-572,992,17006.60,26.93,-1.00,-1.0,2372
6410,1836410,17044,-584,784,17072.01,27.02,-1.00,-1.0,2440
6412,1836412,17016,-660,1084,17063.26,27.12,-1.00,-1.0,2374
6415,1836415,16988,-524,972,17023.85,27.07,-1.00,-1.0,2366
6418,1836418,17056,-480,1004,17092.27,27.07,-1.00,-1.0,2421
6421,1836421,16984,-592,940,17020.29,27.07,-1.00,-1.0,2369
6423,1836423,17028,-592,828,17058.39,27.07,-1.00,-1.0,2421
6426,1836426,16972,-524,1020,17010.70,27.07,-1.00,-1.0,2369
6429,1836429,16952,-628,980,16991.91,27.12,-1.00,-1.0,2428
6432,1836432,17052,-652,884,17087.34,26.98,-1.00,-1.0,2368
6437,1836437,17068,-560,1064,17110.30,27.07,-1.00,-1.0,2443
6439,1836439,17108,-532,940,17142.06,27.07,-1.00,-1.0,2371
6442,1836442,17000,-592,972,17038.05,27.12,-1.00,-1.0,2423
6445,1836445,17044,-628,836,17076.04,27.07,-1.00,-1.0,2367
6448,1836448,16956,-604,876,16989.35,27.12,-1.00,-1.0,2421
6450,1836450,17064,-648,968,17103.71,27.17,-1.00,-1.0,2369
6453,1836453,16948,-564,936,16983.20,27.12,-1.00,-1.0,2361
6456,1836456,17072,-588,932,17107.53,27.07,-1.00,-1.0,2424
6459,1836459,17040,-532,992,17077.14,27.21,-1.00,-1.0,2369
6463,1836463,17116,-660,1116,17165.04,27.12,-1.00,-1.0,2441
6466,1836466,17088,-560,1000,17126.39,27.12,-1.00,-1.0,2367
6469,1836469,17032,-528,856,17061.67,27.07,-1.00,-1.0,2428
6472,1836472,17004,-624,1032,17046.71,27.02,-1.00,-1.0,2366
6474,1836474,17072,-596,1064,17115.50,27.07,-1.00,-1.0,2435
6477,1836477,17144,-664,920,17181.50,27.02,-1.00,-1.0,2368
6480,1836480,16980,-424,1012,17015.41,26.98,-1.00,-1.0,2429
6483,1836483,16928,-548,976,16964.96,27.17,-1.00,-1.0,2368
6487,1836487,17032,-564,912,17065.72,27.12,-1.00,-1.0,2440
6490,1836490,16932,-592,800,16961.22,27.12,-1.00,-1.0,2355
6493,1836493,17004,-528,1020,17042.75,27.02,-1.00,-1.0,2427
6496,1836496,17124,-584,912,17158.21,27.12,-1.00,-1.0,2368
6498,1836498,16956,-568,980,16993.79,27.07,-1.00,-1.0,2365
6501,1836501,17040,-476,992,17075.49,27.07,-1.00,-1.0,2430
6504,1836504,16912,-496,944,16945.59,27.07,-1.00,-1.0,2367
6507,1836507,17040,-564,992,17078.17,27.07,-1.00,-1.0,2422
6510,1836510,16952,-572,920,16986.58,27.07,-1.00,-1.0,2369
6515,1836515,17004,-592,1004,17043.90,27.12,-1.00,-1.0,2440
6517,1836517,17132,-604,896,17166.04,27.02,-1.00,-1.0,2371
6520,1836520,17096,-476,1032,17133.73,27.07,-1.00,-1.0,2421
6523,1836523,17084,-552,1088,17127.51,27.02,-1.00,-1.0,2376
6526,1836526,16964,-548,988,17001.58,27.07,-1.00,-1.0,2421
6528,1836528,17060,-532,848,17089.35,27.07,-1.00,-1.0,2369
6531,1836531,17084,-544,924,17117.62,26.98,-1.00,-1.0,2421
6534,1836534,17036,-556,948,17071.41,27.07,-1.00,-1.0,2376
6537,1836537,17160,-644,864,17193.80,27.17,-1.00,-1.0,2366
6542,1836542,16956,-476,840,16983.47,27.07,-1.00,-1.0,2440
6544,1836544,17008,-668,996,17050.23,27.07,-1.00,-1.0,2367
6547,1836547,16980,-572,996,17018.80,27.07,-1.00,-1.0,2427
6550,1836550,17008,-584,1048,17050.26,27.07,-1.00,-1.0,2371
6553,1836553,17040,-580,1064,17083.04,27.17,-1.00,-1.0,2421
6555,1836555,16956,-544,1176,17005.44,27.17,-1.00,-1.0,2370
6558,1836558,17056,-600,868,17088.61,27.07,-1.00,-1.0,2435
6561,1836561,17020,-528,1108,17064.20,26.98,-1.00,-1.0,2363
6566,1836566,17052,-544,1016,17090.90,27.07,-1.00,-1.0,2448
6569,1836569,17032,-420,904,17061.14,27.07,-1.00,-1.0,2368
6571,1836571,17052,-652,960,17091.44,27.17,-1.00,-1.0,2421
6574,1836574,17012,-612,944,17049.16,27.07,-1.00,-1.0,2369
6577,1836577,17044,-580,848,17074.94,27.12,-1.00,-1.0,2370
6580,1836580,16980,-572,892,17013.03,27.12,-1.00,-1.0,2424
6582,1836582,17076,-532,888,17107.35,27.07,-1.00,-1.0,2376
6585,1836585,17100,-524,1156,17147.04,27.12,-1.00,-1.0,2422
6588,1836588,17004,-604,836,17035.25,27.12,-1.00,-1.0,2365
6593,1836593,17084,-548,764,17109.85,27.02,-1.00,-1.0,2448
6595,1836595,17064,-524,980,17100.15,27.07,-1.00,-1.0,2371
6598,1836598,17016,-588,896,17049.72,27.12,-1.00,-1.0,2431
6601,1836601,16980,-544,1000,17018.12,27.02,-1.00,-1.0,2371
6604,1836604,17036,-552,992,17073.78,27.02,-1.00,-1.0,2431
6606,1836606,16984,-476,888,17013.86,27.02,-1.00,-1.0,2378
6609,1836609,17088,-544,1052,17128.99,27.02,-1.00,-1.0,2421
6612,1836612,16980,-572,1004,17019.27,27.12,-1.00,-1.0,2371
6617,1836617,17072,-604,956,17109.41,27.07,-1.00,-1.0,2440
6620,1836620,17004,-468,940,17036.39,27.07,-1.00,-1.0,2376
6622,1836622,17088,-552,892,17120.17,27.02,-1.00,-1.0,2374
6625,1836625,17088,-580,984,17126.13,27.07,-1.00,-1.0,2422
6628,1836628,16964,-564,920,16998.29,27.12,-1.00,-1.0,2371
6631,1836631,17064,-456,940,17095.95,26.98,-1.00,-1.0,2423
6633,1836633,17000,-524,984,17036.52,27.12,-1.00,-1.0,2375
6636,1836636,16924,-584,968,16961.72,27.17,-1.00,-1.0,2421
6639,1836639,17000,-508,972,17035.34,27.02,-1.00,-1.0,2372
6644,1836644,16972,-620,1024,17014.16,27.02,-1.00,-1.0,2448
6647,1836647,17036,-460,804,17061.16,27.02,-1.00,-1.0,2371
6649,1836649,17024,-628,936,17061.27,27.12,-1.00,-1.0,2429
6652,1836652,16948,-636,1108,16996.08,27.12,-1.00,-1.0,2383
6655,1836655,16940,-540,948,16975.10,27.17,-1.00,-1.0,2424
6658,1836658,17032,-540,944,17066.69,27.02,-1.00,-1.0,2372
6660,1836660,17040,-532,748,17064.71,27.07,-1.00,-1.0,2367
6663,1836663,17048,-640,988,17088.59,26.98,-1.00,-1.0,2421
6666,1836666,17044,-640,924,17081.02,27.07,-1.00,-1.0,2369
6673,1836673,16948,-652,1008,16990.46,27.12,-1.00,-1.0,2449
6675,1836675,16992,-448,724,17013.32,27.12,-1.00,-1.0,2371
6678,1836678,17084,-624,956,17122.10,27.12,-1.00,-1.0,2436
6681,1836681,17096,-588,876,17128.52,27.12,-1.00,-1.0,2377
6684,1836684,16992,-544,864,17022.65,27.12,-1.00,-1.0,2432
6686,1836686,16996,-540,964,17031.88,27.02,-1.00,-1.0,2371
6689,1836689,17028,-504,896,17059.00,27.07,-1.00,-1.0,2421
6692,1836692,16964,-616,1056,17007.99,27.02,-1.00,-1.0,2376
6697,1836697,17084,-528,820,17111.82,27.12,-1.00,-1.0,2441
6699,1836699,17052,-528,892,17083.48,27.12,-1.00,-1.0,2367
6702,1836702,17000,-532,984,17036.76,27.07,-1.00,-1.0,2368
6705,1836705,17020,-528,1004,17057.76,27.07,-1.00,-1.0,2422
6707,1836707,16968,-440,984,17002.20,27.07,-1.00,-1.0,2375
6710,1836710,17132,-572,772,17158.92,27.17,-1.00,-1.0,2422
6713,1836713,17052,-684,1068,17099.10,27.07,-1.00,-1.0,2370
6716,1836716,17032,-508,1052,17072.02,27.17,-1.00,-1.0,2425
6718,1836718,17076,-624,832,17107.64,27.17,-1.00,-1.0,2370
6723,1836723,17020,-560,972,17056.93,27.07,-1.00,-1.0,2449
6726,1836726,17060,-592,944,17096.35,27.07,-1.00,-1.0,2383
6729,1836729,16984,-604,920,17019.62,27.07,-1.00,-1.0,2424
6732,1836732,17032,-600,912,17066.95,27.07,-1.00,-1.0,2371
6734,1836734,17012,-640,940,17049.97,27.07,-1.00,-1.0,2410
6737,1836737,17072,-636,920,17108.60,27.17,-1.00,-1.0,2384
6740,1836740,16992,-544,1008,17030.56,27.12,-1.00,-1.0,2370
6743,1836743,16936,-512,876,16966.37,27.12,-1.00,-1.0,2421
6745,1836745,17060,-620,956,17098.01,27.12,-1.00,-1.0,2369
6750,1836750,16984,-556,928,17018.42,27.02,-1.00,-1.0,2440
6753,1836753,17008,-512,852,17037.02,27.17,-1.00,-1.0,2367
6756,1836756,17072,-536,984,17108.73,27.02,-1.00,-1.0,2420
6759,1836759,17096,-588,832,17126.33,27.07,-1.00,-1.0,2369
6761,1836761,17092,-568,852,17122.65,27.02,-1.00,-1.0,2421
6764,1836764,16964,-584,884,16997.05,27.17,-1.00,-1.0,2369
6767,1836767,17008,-592,1072,17052.03,27.12,-1.00,-1.0,2427
6770,1836770,17044,-632,984,17084.07,27.02,-1.00,-1.0,2367
6774,1836774,16996,-492,1036,17034.65,26.98,-1.00,-1.0,2447
6777,1836777,17020,-704,1004,17064.12,27.17,-1.00,-1.0,2375
6780,1836780,17092,-548,876,17123.21,27.02,-1.00,-1.0,2366
6783,1836783,17036,-612,912,17071.37,27.17,-1.00,-1.0,2420
6785,1836785,17084,-516,896,17115.26,27.12,-1.00,-1.0,2368
6788,1836788,16940,-520,988,16976.75,27.07,-1.00,-1.0,2421
6791,1836791,17056,-716,1036,17102.43,27.02,-1.00,-1.0,2376
6794,1836794,17020,-492,1016,17057.39,27.17,-1.00,-1.0,2421
6796,1836796,16988,-448,976,17021.91,27.12,-1.00,-1.0,2369
6801,1836801,16960,-572,956,16996.55,27.12,-1.00,-1.0,2440
6804,1836804,16908,-456,904,16938.29,27.07,-1.00,-1.0,2367
6807,1836807,17008,-596,1044,17050.43,27.12,-1.00,-1.0,2428
6810,1836810,17048,-560,896,17080.71,27.12,-1.00,-1.0,2367
6812,1836812,17068,-548,936,17102.43,27.02,-1.00,-1.0,2422
6815,1836815,17048,-640,1044,17091.92,27.12,-1.00,-1.0,2369
6818,1836818,17056,-536,1008,17094.17,27.17,-1.00,-1.0,2428
6821,1836821,16960,-540,912,16993.09,27.12,-1.00,-1.0,2368
6823,1836823,17076,-492,864,17104.92,27.07,-1.00,-1.0,2372
6828,1836828,17024,-548,868,17054.92,27.07,-1.00,-1.0,2440
6831,1836831,17040,-616,868,17073.21,27.12,-1.00,-1.0,2375
6834,1836834,17036,-544,892,17068.01,27.07,-1.00,-1.0,2421
6836,1836836,17044,-580,792,17072.25,27.07,-1.00,-1.0,2369
6839,1836839,17016,-544,952,17051.29,27.07,-1.00,-1.0,2421
6842,1836842,17016,-720,988,17059.86,27.17,-1.00,-1.0,2375
6845,1836845,17096,-536,908,17128.48,27.07,-1.00,-1.0,2421
6847,1836847,17068,-604,984,17107.01,27.07,-1.00,-1.0,2369
6852,1836852,17020,-660,1096,17068.02,27.02,-1.00,-1.0,2427
6855,1836855,17000,-556,1068,17042.59,27.12,-1.00,-1.0,2370
6858,1836858,16996,-480,872,17025.12,27.07,-1.00,-1.0,2429
6861,1836861,17092,-464,912,17122.60,27.02,-1.00,-1.0,2367
6863,1836863,17024,-496,876,17053.74,27.17,-1.00,-1.0,2365
6866,1836866,16960,-556,944,16995.35,27.07,-1.00,-1.0,2432
6869,1836869,17052,-592,1024,17092.97,27.07,-1.00,-1.0,2368
6871,1836871,17068,-496,904,17099.12,27.12,-1.00,-1.0,2430
6874,1836874,17060,-524,800,17086.78,27.07,-1.00,-1.0,2376
6879,1836879,17036,-628,1084,17082.00,27.02,-1.00,-1.0,2443
6882,1836882,17072,-584,976,17109.85,27.02,-1.00,-1.0,2376
6885,1836885,17040,-624,1012,17081.43,27.12,-1.00,-1.0,2422
6887,1836887,16976,-456,904,17006.17,27.12,-1.00,-1.0,2363
6890,1836890,17052,-600,916,17087.12,27.12,-1.00,-1.0,2424
6893,1836893,17028,-592,964,17065.54,27.12,-1.00,-1.0,2368
6896,1836896,17056,-628,980,17095.67,27.12,-1.00,-1.0,2424
6898,1836898,17052,-452,896,17081.51,27.02,-1.00,-1.0,2362
6901,1836901,16932,-552,1052,16973.63,27.07,-1.00,-1.0,2366
6905,1836905,17056,-552,984,17093.28,27.12,-1.00,-1.0,2448
6908,1836908,17072,-464,912,17102.64,27.12,-1.00,-1.0,2375
6911,1836911,17060,-524,948,17094.35,27.17,-1.00,-1.0,2421
6914,1836914,17188,-560,832,17217.23,27.02,-1.00,-1.0,2370
6917,1836917,17088,-588,956,17124.82,26.98,-1.00,-1.0,2421
6919,1836919,16980,-568,960,17016.60,27.12,-1.00,-1.0,2370
6922,1836922,17116,-532,1020,17154.62,27.07,-1.00,-1.0,2420
6925,1836925,16984,-560,972,17021.01,27.02,-1.00,-1.0,2370
6930,1836930,17084,-564,1000,17122.53,27.12,-1.00,-1.0,2446
6932,1836932,17032,-500,796,17057.92,27.12,-1.00,-1.0,2377
6935,1836935,17072,-580,792,17100.20,27.07,-1.00,-1.0,2421
6938,1836938,17056,-536,932,17089.85,27.12,-1.00,-1.0,2368
6941,1836941,17052,-552,956,17087.70,26.98,-1.00,-1.0,2366
6943,1836943,16968,-568,1116,17014.14,27.12,-1.00,-1.0,2424
6946,1836946,17092,-520,1028,17130.78,27.07,-1.00,-1.0,2368
6949,1836949,17032,-600,960,17069.58,27.07,-1.00,-1.0,2424
6952,1836952,17000,-540,876,17031.12,27.07,-1.00,-1.0,2368
6957,1836957,17148,-556,972,17184.52,27.07,-1.00,-1.0,2440
6959,1836959,17036,-520,868,17066.02,27.07,-1.00,-1.0,2368
6962,1836962,17036,-548,984,17073.19,27.17,-1.00,-1.0,2421
6965,1836965,17092,-580,884,17124.67,27.07,-1.00,-1.0,2367
6968,1836968,17032,-568,888,17064.59,27.07,-1.00,-1.0,2421
6970,1836970,16992,-568,1100,17037.04,27.07,-1.00,-1.0,2369
6973,1836973,17036,-468,832,17062.72,27.12,-1.00,-1.0,2420
6976,1836976,17024,-588,976,17062.09,27.07,-1.00,-1.0,2367
6981,1836981,16972,-484,932,17004.46,27.07,-1.00,-1.0,2442
6983,1836983,16920,-524,1008,16958.10,27.07,-1.00,-1.0,2375
6986,1836986,17068,-488,984,17103.30,27.02,-1.00,-1.0,2368
6989,1836989,17024,-536,852,17053.73,27.02,-1.00,-1.0,2428
6992,1836992,17064,-592,856,17095.71,27.12,-1.00,-1.0,2371
6994,1836994,17044,-568,804,17072.40,27.12,-1.00,-1.0,2434
6997,1836997,17036,-556,1008,17074.85,27.02,-1.00,-1.0,2368
7000,1837000,17144,-564,964,17180.34,27.12,-1.00,-1.0,2429
7003,1837003,17016,-540,932,17050.06,27.12,-1.00,-1.0,2368
7008,1837008,17060,-644,852,17093.40,27.12,-1.00,-1.0,2440
7010,1837010,16928,-568,956,16964.48,27.02,-1.00,-1.0,2371
7013,1837013,17056,-624,952,17093.94,27.02,-1.00,-1.0,2421
7016,1837016,17020,-616,928,17056.41,27.07,-1.00,-1.0,2376
7019,1837019,16984,-552,1112,17029.31,27.12,-1.00,-1.0,2421
7021,1837021,17008,-572,1076,17051.60,27.12,-1.00,-1.0,2369
7024,1837024,17004,-568,920,17038.34,26.98,-1.00,-1.0,2370
7027,1837027,17036,-504,1000,17072.77,27.17,-1.00,-1.0,2421
7029,1837029,17044,-448,912,17074.26,27.07,-1.00,-1.0,2374
7034,1837034,17000,-656,1024,17043.44,27.07,-1.00,-1.0,2449
7037,1837037,17056,-556,1008,17094.80,27.07,-1.00,-1.0,2382
7040,1837040,17172,-512,1068,17212.80,26.98,-1.00,-1.0,2424
7043,1837043,17072,-532,956,17107.02,27.07,-1.00,-1.0,2370
7046,1837046,17044,-652,1072,17090.12,27.12,-1.00,-1.0,2421
7048,1837048,17028,-564,1028,17068.32,27.07,-1.00,-1.0,2363
7051,1837051,17004,-640,860,17037.76,27.12,-1.00,-1.0,2421
7054,1837054,17120,-624,952,17157.80,27.07,-1.00,-1.0,2368
7059,1837059,16900,-560,928,16934.72,26.98,-1.00,-1.0,2448
7062,1837062,17032,-544,924,17065.72,27.12,-1.00,-1.0,2368
7064,1837064,17032,-544,1016,17070.95,26.98,-1.00,-1.0,2359
7067,1837067,17156,-572,1072,17198.97,27.12,-1.00,-1.0,2421
7070,1837070,17084,-532,960,17119.22,27.07,-1.00,-1.0,2367
7073,1837073,16868,-604,1076,16913.07,27.12,-1.00,-1.0,2420
7075,1837075,17024,-524,1112,17068.32,27.07,-1.00,-1.0,2355
7078,1837078,17056,-524,1012,17094.03,27.02,-1.00,-1.0,2422
7081,1837081,16968,-564,908,17001.63,27.07,-1.00,-1.0,2367
7086,1837086,17056,-644,904,17092.08,27.02,-1.00,-1.0,2444
7088,1837088,17028,-512,832,17056.00,27.12,-1.00,-1.0,2367
7091,1837091,17024,-580,1024,17064.63,27.02,-1.00,-1.0,2420
7094,1837094,17124,-616,1028,17165.88,27.07,-1.00,-1.0,2367
7097,1837097,16956,-548,1112,17001.26,27.12,-1.00,-1.0,2421
7099,1837099,16984,-620,996,17024.47,27.02,-1.00,-1.0,2367
7102,1837102,16964,-444,884,16992.82,27.12,-1.00,-1.0,2424
7105,1837105,17028,-512,924,17060.74,27.07,-1.00,-1.0,2367
7107,1837107,17028,-480,1060,17067.71,27.07,-1.00,-1.0,2367
7112,1837112,16940,-552,1032,16980.38,27.12,-1.00,-1.0,2441
7115,1837115,17044,-568,960,17080.46,27.07,-1.00,-1.0,2367
7118,1837118,16992,-544,1008,17030.56,27.12,-1.00,-1.0,2421
7120,1837120,16940,-572,1052,16982.27,27.12,-1.00,-1.0,2368
7123,1837123,17104,-640,816,17135.41,27.12,-1.00,-1.0,2421
7126,1837126,17060,-492,864,17088.95,27.02,-1.00,-1.0,2367
7129,1837129,17052,-568,876,17083.93,27.12,-1.00,-1.0,2421
7131,1837131,17088,-576,888,17120.75,27.02,-1.00,-1.0,2368
7136,1837136,17036,-580,928,17071.11,27.12,-1.00,-1.0,2449
7139,1837139,17088,-548,928,17121.95,27.02,-1.00,-1.0,2370
7142,1837142,17036,-492,936,17068.79,27.12,-1.00,-1.0,2421
7144,1837144,16996,-540,972,17032.33,27.12,-1.00,-1.0,2374
7147,1837147,17056,-504,884,17086.33,27.07,-1.00,-1.0,2365
7150,1837150,17000,-592,984,17038.74,27.07,-1.00,-1.0,2424
7153,1837153,16980,-608,1064,17024.16,27.07,-1.00,-1.0,2367
7155,1837155,17076,-544,932,17110.06,27.07,-1.00,-1.0,2425
7158,1837158,16972,-624,992,17012.41,27.02,-1.00,-1.0,2368
7163,1837163,16996,-552,876,17027.51,27.02,-1.00,-1.0,2449
7166,1837166,17128,-544,1008,17166.26,27.02,-1.00,-1.0,2370
7169,1837169,16932,-564,1008,16971.35,27.12,-1.00,-1.0,2421
7171,1837171,17032,-536,940,17066.34,27.12,-1.00,-1.0,2375
7174,1837174,17004,-556,944,17039.26,27.12,-1.00,-1.0,2421
7177,1837177,17032,-564,1052,17073.78,27.02,-1.00,-1.0,2369
7180,1837180,17044,-504,1108,17087.41,26.98,-1.00,-1.0,2421
7182,1837182,16988,-636,952,17026.54,27.12,-1.00,-1.0,2370
7187,1837187,17072,-508,920,17104.32,27.12,-1.00,-1.0,2451
7190,1837190,17076,-608,1012,17116.76,27.02,-1.00,-1.0,2382
7193,1837193,17036,-652,852,17069.75,27.07,-1.00,-1.0,2367
7196,1837196,17024,-616,948,17061.50,27.07,-1.00,-1.0,2421
7198,1837198,17056,-536,856,17085.88,27.07,-1.00,-1.0,2372
7201,1837201,17000,-588,880,17032.91,27.07,-1.00,-1.0,2421
7204,1837204,16988,-612,1000,17028.41,27.07,-1.00,-1.0,2367
7207,1837207,17060,-684,888,17096.78,26.98,-1.00,-1.0,2422
7209,1837209,16988,-472,912,17019.01,27.07,-1.00,-1.0,2369
7214,1837214,16984,-612,844,17015.97,27.07,-1.00,-1.0,2441
7217,1837217,17052,-568,980,17089.58,27.17,-1.00,-1.0,2370
7220,1837220,17076,-612,908,17111.07,27.07,-1.00,-1.0,2428
7223,1837223,17088,-640,980,17128.04,27.07,-1.00,-1.0,2367
7225,1837225,17064,-484,1020,17101.31,27.07,-1.00,-1.0,2421
7228,1837228,17020,-608,956,17057.67,27.07,-1.00,-1.0,2369
7231,1837231,17020,-492,1060,17060.07,27.07,-1.00,-1.0,2367
7233,1837233,17044,-552,1048,17085.11,27.12,-1.00,-1.0,2435
7236,1837236,17108,-564,964,17144.42,27.07,-1.00,-1.0,2369
7241,1837241,16960,-588,860,16991.97,27.07,-1.00,-1.0,2440
7244,1837244,16972,-412,1080,17011.32,26.98,-1.00,-1.0,2367
7247,1837247,16940,-560,852,16970.65,27.12,-1.00,-1.0,2428
7250,1837250,17000,-472,1020,17037.11,27.07,-1.00,-1.0,2367
7252,1837252,17020,-484,932,17052.37,27.02,-1.00,-1.0,2423
7255,1837255,16948,-544,1032,16988.10,27.07,-1.00,-1.0,2369
7258,1837258,16980,-608,1020,17021.47,27.02,-1.00,-1.0,2428
7261,1837261,16976,-568,832,17005.87,27.07,-1.00,-1.0,2367
7266,1837266,17000,-596,980,17038.65,27.07,-1.00,-1.0,2440
7268,1837268,17048,-564,1068,17090.73,27.07,-1.00,-1.0,2369
7271,1837271,17116,-564,996,17154.23,27.07,-1.00,-1.0,2421
7274,1837274,17044,-560,884,17076.09,27.07,-1.00,-1.0,2368
7276,1837276,17000,-472,976,17034.54,27.12,-1.00,-1.0,2368
7279,1837279,17048,-576,904,17081.67,27.12,-1.00,-1.0,2426
7282,1837282,17032,-604,956,17069.50,27.12,-1.00,-1.0,2376
7285,1837285,17000,-568,932,17035.00,27.12,-1.00,-1.0,2423
7287,1837287,16996,-636,1012,17037.98,27.02,-1.00,-1.0,2374
7292,1837292,16992,-576,984,17030.21,27.07,-1.00,-1.0,2449
7295,1837295,17008,-520,828,17036.08,27.07,-1.00,-1.0,2371
7298,1837298,16948,-428,1072,16987.26,27.17,-1.00,-1.0,2421
7300,1837300,17020,-616,904,17055.12,27.07,-1.00,-1.0,2375
7303,1837303,16956,-492,820,16982.95,26.98,-1.00,-1.0,2421
7306,1837306,17084,-460,984,17118.50,27.07,-1.00,-1.0,2370
7309,1837309,17044,-548,900,17076.54,27.17,-1.00,-1.0,2421
7311,1837311,16980,-580,964,17017.23,27.17,-1.00,-1.0,2370
7314,1837314,17008,-564,860,17039.07,27.07,-1.00,-1.0,2376
7319,1837319,16948,-568,976,16985.58,27.12,-1.00,-1.0,2440
7322,1837322,17148,-612,940,17184.65,27.02,-1.00,-1.0,2367
7325,1837325,16976,-580,972,17013.69,27.12,-1.00,-1.0,2421
7327,1837327,17056,-668,920,17093.85,27.02,-1.00,-1.0,2370
7330,1837330,17104,-560,880,17135.78,27.12,-1.00,-1.0,2420
7333,1837333,16984,-680,956,17024.47,27.12,-1.00,-1.0,2376
7336,1837336,17040,-672,932,17078.70,26.93,-1.00,-1.0,2421
7338,1837338,17108,-524,1004,17145.44,27.07,-1.00,-1.0,2380
7343,1837343,17064,-492,912,17095.44,27.07,-1.00,-1.0,2449
7346,1837346,17104,-624,860,17136.97,27.07,-1.00,-1.0,2383
7349,1837349,17012,-540,948,17046.95,26.98,-1.00,-1.0,2422
7352,1837352,16992,-540,928,17025.89,26.98,-1.00,-1.0,2371
7354,1837354,17024,-496,828,17051.34,27.12,-1.00,-1.0,2365
7357,1837357,17072,-592,852,17103.50,27.12,-1.00,-1.0,2421
7360,1837360,17028,-576,848,17058.83,27.12,-1.00,-1.0,2371
7363,1837363,17040,-524,1084,17082.48,27.02,-1.00,-1.0,2420
7365,1837365,17000,-568,1028,17040.52,27.07,-1.00,-1.0,2376
7370,1837370,17032,-516,772,17057.29,27.07,-1.00,-1.0,2450
7373,1837373,17032,-656,872,17066.92,26.98,-1.00,-1.0,2375
7376,1837376,17148,-568,852,17178.54,27.12,-1.00,-1.0,2424
7379,1837379,17056,-536,888,17087.51,26.98,-1.00,-1.0,2371
7382,1837382,16940,-552,840,16969.79,27.12,-1.00,-1.0,2421
7384,1837384,16940,-568,952,16976.23,27.07,-1.00,-1.0,2357
7387,1837387,17016,-636,1032,17059.12,27.12,-1.00,-1.0,2421
7390,1837390,17008,-516,840,17036.55,27.02,-1.00,-1.0,2431
7392,1837392,17060,-492,928,17092.30,27.07,-1.00,-1.0,2369
7398,1837398,17008,-648,1044,17052.33,27.07,-1.00,-1.0,2425
7400,1837400,16968,-576,1044,17009.84,27.02,-1.00,-1.0,2364
7403,1837403,17120,-644,956,17158.76,27.12,-1.00,-1.0,2419
7406,1837406,16980,-552,1020,17019.56,27.12,-1.00,-1.0,2373
7409,1837409,16940,-580,980,16978.23,27.02,-1.00,-1.0,2420
7411,1837411,17044,-580,824,17073.76,27.02,-1.00,-1.0,2370
7414,1837414,17048,-632,1076,17093.61,27.21,-1.00,-1.0,2419
7417,1837417,17016,-628,880,17050.31,27.12,-1.00,-1.0,2369
7422,1837422,17056,-596,964,17093.61,27.02,-1.00,-1.0,2447
7424,1837424,16996,-636,932,17033.41,27.07,-1.00,-1.0,2381
7427,1837427,16992,-520,1028,17031.01,27.12,-1.00,-1.0,2419
7430,1837430,16936,-576,904,16969.89,27.12,-1.00,-1.0,2372
7433,1837433,17152,-592,952,17188.60,27.17,-1.00,-1.0,2366
7435,1837435,17020,-592,888,17053.43,27.17,-1.00,-1.0,2423
7438,1837438,17024,-568,1080,17067.68,27.17,-1.00,-1.0,2371
7441,1837441,17012,-512,968,17047.21,27.07,-1.00,-1.0,2430
7444,1837444,17104,-528,900,17135.80,27.07,-1.00,-1.0,2370
7449,1837449,16928,-636,1100,16975.62,27.17,-1.00,-1.0,2438
7451,1837451,16984,-508,860,17013.35,27.07,-1.00,-1.0,2370
7454,1837454,17040,-476,1004,17076.19,27.07,-1.00,-1.0,2418
7457,1837457,17052,-508,1004,17089.08,27.07,-1.00,-1.0,2370
7460,1837460,17008,-628,992,17048.47,26.98,-1.00,-1.0,2418
7462,1837462,17104,-560,936,17138.74,27.07,-1.00,-1.0,2371
7465,1837465,16960,-544,896,16992.36,27.07,-1.00,-1.0,2419
7468,1837468,17020,-580,944,17056.02,27.07,-1.00,-1.0,2370
7473,1837473,16952,-524,944,16986.35,27.02,-1.00,-1.0,2437
7476,1837476,16976,-464,820,17002.12,27.12,-1.00,-1.0,2374
7478,1837478,17152,-540,948,17186.66,27.07,-1.00,-1.0,2421
7481,1837481,17000,-532,912,17032.76,27.07,-1.00,-1.0,2433
7484,1837484,16988,-536,896,17020.05,27.17,-1.00,-1.0,2372
7487,1837487,17064,-520,872,17094.18,27.07,-1.00,-1.0,2426
7490,1837490,17060,-476,1036,17098.05,27.17,-1.00,-1.0,2370
7492,1837492,17060,-664,980,17101.02,27.17,-1.00,-1.0,2422
7495,1837495,17000,-448,992,17034.81,27.07,-1.00,-1.0,2376
7502,1837502,17092,-640,924,17128.92,27.07,-1.00,-1.0,2437
7505,1837505,17076,-616,780,17104.90,27.07,-1.00,-1.0,2370
7507,1837507,17080,-608,1040,17122.43,27.07,-1.00,-1.0,2431
7510,1837510,17000,-632,980,17039.95,27.07,-1.00,-1.0,2371
7513,1837513,17020,-572,888,17052.75,27.21,-1.00,-1.0,2427
7516,1837516,17044,-596,896,17077.94,27.07,-1.00,-1.0,2371
7518,1837518,16992,-536,940,17026.42,27.02,-1.00,-1.0,2369
7521,1837521,17020,-620,932,17056.77,27.17,-1.00,-1.0,2419
7524,1837524,17080,-552,888,17111.97,27.12,-1.00,-1.0,2372
7528,1837528,17024,-600,900,17058.33,27.12,-1.00,-1.0,2439
7531,1837531,17056,-704,948,17096.83,27.02,-1.00,-1.0,2369
7534,1837534,17024,-644,964,17063.43,27.21,-1.00,-1.0,2429
7537,1837537,17108,-672,996,17150.14,27.02,-1.00,-1.0,2374
7539,1837539,17040,-596,996,17079.49,26.98,-1.00,-1.0,2425
7542,1837542,17000,-572,992,17038.52,27.02,-1.00,-1.0,2384
7545,1837545,17060,-564,864,17091.17,27.07,-1.00,-1.0,2423
7548,1837548,16976,-536,964,17011.79,27.21,-1.00,-1.0,2375
7553,1837553,17060,-600,968,17097.97,27.12,-1.00,-1.0,2429
7555,1837555,17096,-532,916,17128.79,27.07,-1.00,-1.0,2370
7558,1837558,17108,-552,792,17135.22,27.17,-1.00,-1.0,2368
7561,1837561,16996,-648,940,17034.30,27.07,-1.00,-1.0,2428
7563,1837563,17044,-532,772,17069.77,27.07,-1.00,-1.0,2377
7566,1837566,17112,-576,1008,17151.34,27.07,-1.00,-1.0,2419
7569,1837569,16992,-596,960,17029.53,27.07,-1.00,-1.0,2372
7572,1837572,17120,-500,840,17147.89,27.07,-1.00,-1.0,2418
7574,1837574,17080,-580,976,17117.69,27.07,-1.00,-1.0,2373
7579,1837579,17008,-620,992,17048.18,27.07,-1.00,-1.0,2438
7582,1837582,17016,-676,1064,17062.63,27.12,-1.00,-1.0,2377
7585,1837585,17080,-648,1020,17122.70,27.07,-1.00,-1.0,2430
7588,1837588,17032,-544,852,17061.97,27.07,-1.00,-1.0,2380
7591,1837591,17060,-652,944,17098.53,26.98,-1.00,-1.0,2418
7593,1837593,17044,-544,996,17081.74,27.17,-1.00,-1.0,2374
7596,1837596,16892,-500,1000,16928.96,27.02,-1.00,-1.0,2374
7599,1837599,17020,-568,924,17054.52,27.12,-1.00,-1.0,2418
7601,1837601,17028,-624,944,17065.56,27.07,-1.00,-1.0,2370
7606,1837606,16944,-512,964,16979.12,27.07,-1.00,-1.0,2428
7609,1837609,17040,-480,848,17067.84,27.07,-1.00,-1.0,2372
7612,1837612,17084,-512,1000,17120.90,27.02,-1.00,-1.0,2427
7615,1837615,17008,-536,964,17043.73,26.98,-1.00,-1.0,2370
7617,1837617,16932,-552,932,16966.61,27.12,-1.00,-1.0,2422
7620,1837620,16988,-460,992,17023.15,27.12,-1.00,-1.0,2372
7623,1837623,17108,-504,1020,17145.79,27.12,-1.00,-1.0,2425
7626,1837626,17052,-552,1060,17093.83,27.02,-1.00,-1.0,2370
7630,1837630,17100,-584,908,17134.04,27.17,-1.00,-1.0,2437
7633,1837633,16896,-580,940,16932.06,27.07,-1.00,-1.0,2385
7636,1837636,16948,-556,1016,16987.53,27.02,-1.00,-1.0,2366
7639,1837639,17096,-604,876,17129.08,27.07,-1.00,-1.0,2428
7641,1837641,17176,-568,868,17207.29,27.12,-1.00,-1.0,2371
7644,1837644,16968,-592,1016,17008.70,27.07,-1.00,-1.0,2418
7647,1837647,16976,-580,888,17009.10,27.12,-1.00,-1.0,2383
7650,1837650,16948,-636,1000,16989.38,27.17,-1.00,-1.0,2418
7652,1837652,17044,-592,1064,17087.44,27.12,-1.00,-1.0,2371
7657,1837657,17060,-616,864,17092.97,27.12,-1.00,-1.0,2429
7660,1837660,16932,-552,1012,16971.20,27.12,-1.00,-1.0,2370
7663,1837663,17124,-580,1032,17164.87,27.12,-1.00,-1.0,2435
7666,1837666,17020,-592,900,17054.06,27.02,-1.00,-1.0,2369
7668,1837668,17144,-544,1100,17187.86,27.17,-1.00,-1.0,2419
7671,1837671,17016,-696,1004,17059.80,26.93,-1.00,-1.0,2371
7674,1837674,16948,-556,1096,16992.50,27.07,-1.00,-1.0,2421
7677,1837677,17020,-624,852,17052.73,27.02,-1.00,-1.0,2373
7679,1837679,17052,-556,940,17086.94,27.17,-1.00,-1.0,2381
7684,1837684,17104,-560,1004,17142.59,27.07,-1.00,-1.0,2429
7687,1837687,16968,-552,812,16996.38,27.07,-1.00,-1.0,2379
7690,1837690,17052,-640,884,17086.89,27.17,-1.00,-1.0,2433
7692,1837692,16920,-528,1064,16961.64,27.07,-1.00,-1.0,2374
7695,1837695,17084,-544,860,17114.28,27.07,-1.00,-1.0,2433
7698,1837698,16960,-564,988,16998.11,27.17,-1.00,-1.0,2379
7701,1837701,17064,-600,972,17102.19,27.12,-1.00,-1.0,2428
7703,1837703,17092,-660,972,17132.33,27.07,-1.00,-1.0,2380
7708,1837708,17084,-596,852,17115.61,27.02,-1.00,-1.0,2435
7711,1837711,17060,-532,956,17095.04,27.17,-1.00,-1.0,2354
7714,1837714,16996,-528,908,17028.43,27.02,-1.00,-1.0,2434
7716,1837716,17044,-500,860,17073.01,27.12,-1.00,-1.0,2374
7719,1837719,17092,-560,860,17122.78,27.07,-1.00,-1.0,2365
7722,1837722,17012,-532,1000,17049.67,27.07,-1.00,-1.0,2421
7725,1837725,17036,-564,796,17063.91,27.07,-1.00,-1.0,2365
7727,1837727,17020,-592,972,17058.01,27.07,-1.00,-1.0,2420
7730,1837730,17004,-668,936,17042.84,27.17,-1.00,-1.0,2368
7735,1837735,17028,-596,960,17065.45,27.12,-1.00,-1.0,2433
7737,1837737,17108,-476,872,17136.82,27.02,-1.00,-1.0,2371
7740,1837740,17000,-524,924,17033.15,27.12,-1.00,-1.0,2435
7743,1837743,17032,-708,1008,17076.49,27.12,-1.00,-1.0,2356
7746,1837746,16996,-556,1004,17034.71,27.12,-1.00,-1.0,2428
7748,1837748,16972,-628,976,17011.63,27.12,-1.00,-1.0,2378
7751,1837751,16916,-736,908,16956.33,27.12,-1.00,-1.0,2418
7754,1837754,17008,-568,1032,17048.75,27.12,-1.00,-1.0,2371
7757,1837757,17008,-532,960,17043.38,26.98,-1.00,-1.0,2367
7761,1837761,16992,-564,964,17028.67,27.12,-1.00,-1.0,2416
7764,1837764,17140,-516,1016,17177.84,27.02,-1.00,-1.0,2374
7767,1837767,16980,-484,840,17007.65,27.17,-1.00,-1.0,2427
7770,1837770,17032,-584,1040,17073.71,27.12,-1.00,-1.0,2370
7773,1837773,17016,-572,900,17049.38,27.07,-1.00,-1.0,2418
7775,1837775,17108,-588,908,17142.17,27.02,-1.00,-1.0,2371
7778,1837778,16972,-520,812,16999.37,27.07,-1.00,-1.0,2406
7781,1837781,17160,-612,908,17194.90,27.12,-1.00,-1.0,2370
7786,1837786,17052,-596,900,17086.13,27.12,-1.00,-1.0,2435
7788,1837788,16956,-504,1008,16993.41,27.12,-1.00,-1.0,2373
7791,1837791,16976,-676,1008,17019.33,27.12,-1.00,-1.0,2435
7794,1837794,17064,-520,900,17095.63,27.12,-1.00,-1.0,2375
7797,1837797,16976,-616,908,17011.42,27.07,-1.00,-1.0,2418
7799,1837799,17088,-576,868,17119.72,27.12,-1.00,-1.0,2378
7802,1837802,17088,-592,1016,17128.41,27.07,-1.00,-1.0,2365
7805,1837805,17036,-540,912,17068.94,27.02,-1.00,-1.0,2420
7808,1837808,17092,-484,880,17121.48,27.17,-1.00,-1.0,2370
7813,1837813,17100,-528,800,17126.84,27.07,-1.00,-1.0,2429
7815,1837815,17064,-604,976,17102.56,27.07,-1.00,-1.0,2371
7818,1837818,17116,-600,684,17140.17,26.98,-1.00,-1.0,2427
7821,1837821,16972,-580,812,17001.31,27.17,-1.00,-1.0,2370
7824,1837824,16936,-552,960,16972.17,27.07,-1.00,-1.0,2419
7826,1837826,17012,-588,936,17047.87,26.98,-1.00,-1.0,2371
7829,1837829,17088,-484,940,17120.68,26.98,-1.00,-1.0,2419
7832,1837832,16984,-688,1060,17030.95,27.07,-1.00,-1.0,2370
7837,1837837,16936,-632,1024,16978.70,27.07,-1.00,-1.0,2431
7839,1837839,17124,-552,944,17158.88,27.07,-1.00,-1.0,2381
7842,1837842,16948,-600,976,16986.68,27.07,-1.00,-1.0,2367
7845,1837845,17072,-548,936,17106.42,27.12,-1.00,-1.0,2435
7848,1837848,17120,-508,824,17147.35,27.02,-1.00,-1.0,2367
7850,1837850,16984,-552,796,17011.60,27.12,-1.00,-1.0,2433
7853,1837853,17028,-568,1080,17071.67,27.12,-1.00,-1.0,2367
7856,1837856,17020,-576,880,17052.46,27.21,-1.00,-1.0,2425
7859,1837859,16956,-552,880,16987.79,27.02,-1.00,-1.0,2368
7864,1837864,16996,-436,904,17025.61,27.12,-1.00,-1.0,2429
7866,1837866,17060,-492,940,17092.96,27.17,-1.00,-1.0,2366
7869,1837869,17080,-616,968,17118.50,27.02,-1.00,-1.0,2427
7872,1837872,17080,-560,936,17114.79,27.12,-1.00,-1.0,2374
7875,1837875,16976,-536,936,17010.23,27.02,-1.00,-1.0,2418
7877,1837877,16996,-524,968,17031.61,27.12,-1.00,-1.0,2371
7880,1837880,17084,-580,900,17117.52,27.07,-1.00,-1.0,2371
7883,1837883,16940,-544,904,16972.82,27.17,-1.00,-1.0,2425
7885,1837885,17028,-592,884,17061.21,26.98,-1.00,-1.0,2379
7890,1837890,17000,-676,876,17035.97,27.07,-1.00,-1.0,2440
7893,1837893,17012,-560,1124,17058.29,27.12,-1.00,-1.0,2374
7896,1837896,17076,-540,892,17107.81,27.07,-1.00,-1.0,2417
7899,1837899,17036,-552,928,17070.18,27.07,-1.00,-1.0,2367
7901,1837901,17024,-544,804,17051.65,26.98,-1.00,-1.0,2426
7904,1837904,17016,-624,996,17056.54,27.07,-1.00,-1.0,2375
7907,1837907,16968,-520,1032,17007.31,27.07,-1.00,-1.0,2408
7910,1837910,17008,-616,868,17041.27,27.17,-1.00,-1.0,2368
7915,1837915,17024,-504,900,17055.22,27.17,-1.00,-1.0,2429
7917,1837917,17068,-548,1088,17111.42,27.12,-1.00,-1.0,2372
7920,1837920,17056,-616,848,17088.17,27.17,-1.00,-1.0,2366
7923,1837923,17036,-648,936,17073.99,27.12,-1.00,-1.0,2427
7925,1837925,16996,-556,928,17030.39,27.07,-1.00,-1.0,2372
7928,1837928,16988,-560,916,17021.89,27.02,-1.00,-1.0,2418
7931,1837931,17044,-488,884,17073.88,27.07,-1.00,-1.0,2375
7934,1837934,17012,-616,956,17049.97,27.12,-1.00,-1.0,2418
7936,1837936,16960,-572,952,16996.33,27.12,-1.00,-1.0,2372
7941,1837941,16896,-584,1016,16936.59,27.07,-1.00,-1.0,2429
7944,1837944,17008,-472,952,17041.16,27.02,-1.00,-1.0,2378
7947,1837947,17020,-568,956,17056.29,27.17,-1.00,-1.0,2433
7949,1837949,17004,-444,1088,17044.56,27.07,-1.00,-1.0,2374
7952,1837952,17072,-648,964,17111.47,27.17,-1.00,-1.0,2433
7955,1837955,17000,-592,740,17026.39,27.07,-1.00,-1.0,2378
7958,1837958,17044,-612,780,17072.81,27.02,-1.00,-1.0,2366
7960,1837960,17000,-628,1004,17041.20,27.02,-1.00,-1.0,2418
7963,1837963,17120,-548,960,17155.65,27.02,-1.00,-1.0,2374
7968,1837968,17004,-584,744,17030.29,27.02,-1.00,-1.0,2429
7971,1837971,17032,-552,924,17065.97,27.12,-1.00,-1.0,2369
7974,1837974,16984,-528,940,17018.19,27.02,-1.00,-1.0,2427
7976,1837976,17092,-568,904,17125.31,27.02,-1.00,-1.0,2370
7979,1837979,17032,-536,796,17059.01,27.17,-1.00,-1.0,2417
7982,1837982,16916,-668,676,16942.68,27.12,-1.00,-1.0,2369
7985,1837985,17044,-532,896,17075.82,27.07,-1.00,-1.0,2419
7987,1837987,17048,-520,976,17083.83,27.12,-1.00,-1.0,2371
7992,1837992,16980,-472,912,17011.02,27.12,-1.00,-1.0,2436
7995,1837995,16932,-576,1028,16972.96,27.07,-1.00,-1.0,2373
7998,1837998,17088,-484,1092,17129.70,27.02,-1.00,-1.0,2364
8000,1838000,17088,-604,996,17127.66,27.07,-1.00,-1.0,2428
8003,1838003,16996,-632,1076,17041.75,27.17,-1.00,-1.0,2371
8006,1838006,17084,-576,972,17121.32,27.07,-1.00,-1.0,2412
8009,1838009,16952,-628,1044,16995.72,27.07,-1.00,-1.0,2370
8011,1838011,17032,-592,932,17067.75,27.07,-1.00,-1.0,2419
8014,1838014,17048,-580,1016,17088.09,27.07,-1.00,-1.0,2372
8019,1838019,17064,-548,900,17096.50,27.07,-1.00,-1.0,2429
8022,1838022,17020,-632,936,17057.43,27.02,-1.00,-1.0,2369
8025,1838025,16988,-644,828,17020.35,27.17,-1.00,-1.0,2427
8027,1838027,17092,-580,976,17129.67,27.07,-1.00,-1.0,2371
8030,1838030,16984,-532,836,17012.88,27.07,-1.00,-1.0,2418
8033,1838033,17116,-576,980,17153.71,27.07,-1.00,-1.0,2370
8035,1838035,16972,-580,1056,17014.71,27.02,-1.00,-1.0,2375
8038,1838038,17036,-464,868,17064.41,27.12,-1.00,-1.0,2425
8041,1838041,17024,-516,876,17054.33,27.02,-1.00,-1.0,2378
8046,1838046,16984,-620,976,17023.31,27.07,-1.00,-1.0,2429
8049,1838049,17020,-568,872,17051.79,27.07,-1.00,-1.0,2370
8052,1838052,17016,-588,904,17050.14,27.07,-1.00,-1.0,2427
8054,1838054,17112,-596,1064,17155.40,27.07,-1.00,-1.0,2372
8057,1838057,17116,-584,904,17149.80,27.12,-1.00,-1.0,2426
8060,1838060,16972,-556,932,17006.66,27.17,-1.00,-1.0,2379
8063,1838063,17068,-548,912,17101.13,27.12,-1.00,-1.0,2420
8065,1838065,16964,-636,928,17001.26,27.07,-1.00,-1.0,2375
8070,1838070,17108,-564,964,17144.42,27.07,-1.00,-1.0,2429
8073,1838073,16948,-568,940,16983.55,27.07,-1.00,-1.0,2370
8076,1838076,17088,-556,992,17125.80,27.07,-1.00,-1.0,2435
8079,1838079,17104,-628,804,17134.40,27.07,-1.00,-1.0,2374
8081,1838081,16976,-604,1044,17018.79,27.12,-1.00,-1.0,2383
8084,1838084,17036,-580,952,17072.43,27.07,-1.00,-1.0,2421
8087,1838087,16976,-588,932,17011.73,27.02,-1.00,-1.0,2375
8090,1838090,17092,-608,880,17125.44,27.07,-1.00,-1.0,2421
8092,1838092,17012,-484,956,17045.71,27.02,-1.00,-1.0,2374
8097,1838097,17056,-540,1076,17098.44,27.12,-1.00,-1.0,2443
8100,1838100,17104,-744,1132,17157.56,27.07,-1.00,-1.0,2382
8103,1838103,17072,-560,820,17100.85,27.07,-1.00,-1.0,2442
8105,1838105,17080,-552,844,17109.75,27.02,-1.00,-1.0,2379
8108,1838108,17032,-592,884,17065.20,27.17,-1.00,-1.0,2419
8111,1838111,17048,-652,904,17084.40,27.12,-1.00,-1.0,2375
8114,1838114,16940,-524,1128,16985.60,27.17,-1.00,-1.0,2418
8116,1838116,17104,-520,872,17134.11,26.98,-1.00,-1.0,2381
8119,1838119,17076,-604,996,17115.68,27.17,-1.00,-1.0,2353
8124,1838124,17036,-596,948,17072.76,27.07,-1.00,-1.0,2432
8127,1838127,17056,-612,964,17094.18,27.17,-1.00,-1.0,2370
8130,1838130,17036,-588,864,17068.03,27.07,-1.00,-1.0,2428
8132,1838132,16992,-544,900,17024.51,27.07,-1.00,-1.0,2371
8135,1838135,16940,-588,1024,16981.11,27.17,-1.00,-1.0,2418
8138,1838138,17032,-580,932,17067.34,27.17,-1.00,-1.0,2370
8141,1838141,17064,-716,1020,17109.45,27.17,-1.00,-1.0,2419
8143,1838143,17048,-560,896,17080.71,27.17,-1.00,-1.0,2371
8148,1838148,16944,-588,856,16975.79,27.12,-1.00,-1.0,2435
8151,1838151,16984,-580,1056,17026.68,27.12,-1.00,-1.0,2369
8153,1838153,17064,-632,952,17102.22,27.07,-1.00,-1.0,2437
8156,1838156,17072,-584,904,17105.89,27.12,-1.00,-1.0,2377
8159,1838159,17036,-540,980,17072.71,27.07,-1.00,-1.0,2366
8162,1838162,17060,-572,1044,17101.48,27.12,-1.00,-1.0,2418
8164,1838164,17076,-548,920,17109.54,26.98,-1.00,-1.0,2371
8167,1838167,17032,-536,940,17066.34,27.02,-1.00,-1.0,2418
8170,1838170,16972,-536,884,17003.46,27.07,-1.00,-1.0,2372
8175,1838175,17028,-592,1032,17069.51,27.07,-1.00,-1.0,2428
8178,1838178,17020,-596,932,17055.92,27.07,-1.00,-1.0,2370
8181,1838181,17068,-656,888,17103.67,27.07,-1.00,-1.0,2427
8183,1838183,16996,-592,968,17033.83,27.07,-1.00,-1.0,2373
8186,1838186,16984,-596,1020,17025.04,27.12,-1.00,-1.0,2418
8189,1838189,17016,-660,956,17055.61,27.07,-1.00,-1.0,2374
8192,1838192,17004,-576,868,17035.88,27.07,-1.00,-1.0,2418
8194,1838194,17044,-472,876,17073.02,26.98,-1.00,-1.0,2373
8197,1838197,17036,-628,1016,17077.82,27.12,-1.00,-1.0,2365
8202,1838202,16992,-568,1044,17033.52,27.02,-1.00,-1.0,2428
8205,1838205,16996,-584,892,17029.41,27.07,-1.00,-1.0,2370
8208,1838208,16972,-464,936,17004.12,26.98,-1.00,-1.0,2427
8210,1838210,17060,-528,972,17095.82,27.02,-1.00,-1.0,2372
8213,1838213,16980,-588,980,17018.42,27.12,-1.00,-1.0,2418
8216,1838216,17112,-528,896,17143.57,27.12,-1.00,-1.0,2372
8219,1838219,16988,-564,900,17021.17,27.21,-1.00,-1.0,2418
8222,1838222,17004,-644,1036,17047.70,27.12,-1.00,-1.0,2372
8226,1838226,16920,-512,904,16951.87,27.02,-1.00,-1.0,2436
8229,1838229,17016,-588,932,17051.65,27.07,-1.00,-1.0,2372
8232,1838232,16964,-516,916,16996.55,27.02,-1.00,-1.0,2427
8235,1838235,17080,-568,1092,17124.29,27.17,-1.00,-1.0,2370
8238,1838238,17000,-580,980,17038.10,27.12,-1.00,-1.0,2419
8240,1838240,17016,-520,1092,17058.93,27.12,-1.00,-1.0,2375
8243,1838243,17012,-548,948,17047.20,27.07,-1.00,-1.0,2373
8246,1838246,17064,-512,944,17097.76,27.07,-1.00,-1.0,2418
8248,1838248,17008,-560,964,17044.50,27.17,-1.00,-1.0,2373
8253,1838253,17064,-508,864,17093.41,26.98,-1.00,-1.0,2429
8256,1838256,17064,-552,1060,17105.80,27.12,-1.00,-1.0,2370
8259,1838259,17080,-548,920,17113.54,27.07,-1.00,-1.0,2434
8262,1838262,16996,-636,936,17033.63,27.12,-1.00,-1.0,2370
8264,1838264,17080,-544,1028,17119.55,27.07,-1.00,-1.0,2420
8267,1838267,17060,-476,904,17090.56,27.07,-1.00,-1.0,2373
8270,1838270,17064,-580,944,17099.93,27.07,-1.00,-1.0,2425
8273,1838273,17020,-584,888,17053.15,26.98,-1.00,-1.0,2371
8278,1838278,17020,-512,948,17054.07,27.02,-1.00,-1.0,2428
8280,1838280,17012,-552,948,17047.33,27.02,-1.00,-1.0,2369
8283,1838283,17092,-620,848,17124.25,27.17,-1.00,-1.0,2368
8286,1838286,16992,-608,1120,17039.72,27.07,-1.00,-1.0,2443
8288,1838288,17036,-600,976,17074.48,27.17,-1.00,-1.0,2375
8291,1838291,17008,-552,1136,17054.83,27.12,-1.00,-1.0,2426
8294,1838294,16992,-572,844,17022.56,27.21,-1.00,-1.0,2379
8297,1838297,17036,-452,968,17069.46,27.02,-1.00,-1.0,2425
8299,1838299,17096,-572,984,17133.85,27.02,-1.00,-1.0,2377
8304,1838304,17024,-576,1012,17063.78,27.12,-1.00,-1.0,2442
8307,1838307,16964,-612,1028,17006.13,27.07,-1.00,-1.0,2373
8310,1838310,17044,-448,900,17073.62,27.12,-1.00,-1.0,2417
8313,1838313,17012,-504,1000,17048.82,27.02,-1.00,-1.0,2411
8316,1838316,17040,-620,988,17079.88,27.07,-1.00,-1.0,2430
8318,1838318,16968,-552,992,17005.93,27.12,-1.00,-1.0,2419
8321,1838321,16984,-524,1080,17026.37,27.07,-1.00,-1.0,2374
8324,1838324,17076,-604,976,17114.53,27.12,-1.00,-1.0,2430
8327,1838327,17004,-580,928,17039.18,27.07,-1.00,-1.0,2381
8333,1838333,16848,-524,832,16876.67,27.07,-1.00,-1.0,2440
8336,1838336,17112,-520,948,17146.13,27.07,-1.00,-1.0,2372
8339,1838339,17020,-624,868,17053.54,27.02,-1.00,-1.0,2435
8342,1838342,17052,-620,1088,17097.92,27.07,-1.00,-1.0,2370
8344,1838344,16896,-584,948,16932.65,27.02,-1.00,-1.0,2434
8347,1838347,17028,-556,1040,17068.79,27.12,-1.00,-1.0,2371
8350,1838350,17024,-660,924,17061.83,27.02,-1.00,-1.0,2426
8353,1838353,17092,-600,932,17127.90,26.98,-1.00,-1.0,2371
8358,1838358,17084,-608,1028,17125.70,27.07,-1.00,-1.0,2429
8360,1838360,17128,-532,884,17159.05,27.07,-1.00,-1.0,2374
8363,1838363,17040,-580,1068,17083.29,27.02,-1.00,-1.0,2371
8366,1838366,17084,-680,1084,17131.86,27.12,-1.00,-1.0,2445
8368,1838368,16988,-560,912,17021.68,27.12,-1.00,-1.0,2380
8371,1838371,16960,-600,860,16992.39,27.07,-1.00,-1.0,2419
8374,1838374,16968,-644,952,17006.88,27.12,-1.00,-1.0,2372
8377,1838377,17032,-504,972,17067.16,27.17,-1.00,-1.0,2418
8379,1838379,17048,-548,932,17082.25,27.12,-1.00,-1.0,2378
8384,1838384,16980,-524,1024,17018.92,27.02,-1.00,-1.0,2431
8387,1838387,17076,-672,1020,17119.63,27.12,-1.00,-1.0,2370
8390,1838390,17056,-600,880,17089.22,27.12,-1.00,-1.0,2434
8393,1838393,17052,-536,912,17084.78,27.12,-1.00,-1.0,2370
8395,1838395,16976,-608,784,17004.97,26.98,-1.00,-1.0,2426
8398,1838398,16996,-620,948,17033.71,27.12,-1.00,-1.0,2379
8401,1838401,16940,-512,936,16973.56,27.07,-1.00,-1.0,2405
8404,1838404,16992,-540,928,17025.89,27.02,-1.00,-1.0,2371
8406,1838406,16940,-564,888,16972.63,26.98,-1.00,-1.0,2366
8411,1838411,17044,-532,972,17079.98,27.07,-1.00,-1.0,2439
8414,1838414,17048,-548,996,17085.86,27.12,-1.00,-1.0,2377
8417,1838417,17008,-504,1020,17046.01,27.07,-1.00,-1.0,2437
8419,1838419,17068,-588,896,17101.61,27.07,-1.00,-1.0,2377
8422,1838422,16984,-536,928,17017.78,27.07,-1.00,-1.0,2419
8425,1838425,17040,-568,1064,17082.63,27.07,-1.00,-1.0,2360
8428,1838428,17020,-608,832,17051.17,27.07,-1.00,-1.0,2418
8430,1838430,17040,-616,884,17074.03,27.07,-1.00,-1.0,2376
8435,1838435,17032,-664,976,17072.86,27.17,-1.00,-1.0,2441
8438,1838438,16948,-488,900,16978.89,27.02,-1.00,-1.0,2377
8441,1838441,17008,-548,884,17039.77,27.07,-1.00,-1.0,2414
8444,1838444,17028,-584,816,17057.54,27.12,-1.00,-1.0,2374
8446,1838446,17116,-508,996,17152.48,27.07,-1.00,-1.0,2364
8449,1838449,17084,-508,980,17119.62,27.02,-1.00,-1.0,2418
8452,1838452,17112,-544,868,17142.63,27.07,-1.00,-1.0,2370
8455,1838455,17028,-592,916,17062.89,27.07,-1.00,-1.0,2419
8457,1838457,17020,-580,872,17052.19,27.07,-1.00,-1.0,2371
8462,1838462,17012,-620,844,17044.20,27.07,-1.00,-1.0,2437
8465,1838465,16984,-668,892,17020.52,27.07,-1.00,-1.0,2373
8468,1838468,17056,-664,892,17092.21,26.98,-1.00,-1.0,2426
8470,1838470,17080,-512,836,17108.11,27.07,-1.00,-1.0,2376
8473,1838473,17048,-548,1064,17089.96,27.12,-1.00,-1.0,2426
8476,1838476,17080,-588,1028,17121.01,27.17,-1.00,-1.0,2373
8479,1838479,17008,-472,1044,17046.55,27.02,-1.00,-1.0,2418
8481,1838481,17016,-492,944,17049.27,27.07,-1.00,-1.0,2373
8484,1838484,17016,-580,872,17048.20,27.12,-1.00,-1.0,2365
8489,1838489,17072,-628,960,17110.50,27.02,-1.00,-1.0,2415
8492,1838492,16980,-508,952,17014.25,27.07,-1.00,-1.0,2374
8495,1838495,17016,-512,756,17040.48,27.12,-1.00,-1.0,2427
8497,1838497,16992,-592,900,17026.11,27.12,-1.00,-1.0,2371
8500,1838500,17000,-524,956,17034.92,27.02,-1.00,-1.0,2418
8503,1838503,17056,-524,1032,17095.22,27.02,-1.00,-1.0,2372
8506,1838506,16928,-524,1052,16968.75,27.12,-1.00,-1.0,2418
8508,1838508,17116,-528,932,17149.49,27.02,-1.00,-1.0,2371
8513,1838513,17000,-548,984,17037.27,27.02,-1.00,-1.0,2429
8516,1838516,16956,-572,964,16993.01,27.07,-1.00,-1.0,2373
8519,1838519,16980,-492,988,17015.83,27.12,-1.00,-1.0,2427
8521,1838521,17088,-604,912,17122.98,26.98,-1.00,-1.0,2372
8524,1838524,16944,-668,952,16983.87,27.12,-1.00,-1.0,2365
8527,1838527,17048,-648,1008,17090.06,27.07,-1.00,-1.0,2425
8530,1838530,16984,-620,828,17015.47,27.12,-1.00,-1.0,2370
8532,1838532,17024,-500,1008,17061.14,27.07,-1.00,-1.0,2426
8535,1838535,17000,-500,940,17033.31,27.17,-1.00,-1.0,2371
8540,1838540,16940,-568,904,16973.61,27.07,-1.00,-1.0,2437
8543,1838543,17044,-516,988,17080.41,27.07,-1.00,-1.0,2370
8545,1838545,17012,-568,824,17041.41,27.07,-1.00,-1.0,2438
8548,1838548,16976,-636,1004,17017.55,27.07,-1.00,-1.0,2379
8551,1838551,16976,-556,1188,17026.60,27.12,-1.00,-1.0,2425
8554,1838554,17020,-656,884,17055.56,26.98,-1.00,-1.0,2376
8556,1838556,16996,-520,920,17028.82,27.12,-1.00,-1.0,2425
8559,1838559,16952,-568,996,16990.73,27.12,-1.00,-1.0,2386
8562,1838562,16988,-548,920,17021.72,27.12,-1.00,-1.0,2367
8566,1838566,17000,-464,952,17032.96,27.07,-1.00,-1.0,2438
8569,1838569,16944,-648,880,16979.21,27.02,-1.00,-1.0,2384
8572,1838572,16976,-564,972,17013.16,27.12,-1.00,-1.0,2430
8575,1838575,16964,-644,820,16996.01,27.02,-1.00,-1.0,2368
8578,1838578,17004,-564,868,17035.48,27.12,-1.00,-1.0,2419
8580,1838580,16976,-552,896,17008.59,27.02,-1.00,-1.0,2374
8583,1838583,17064,-588,1092,17109.01,27.12,-1.00,-1.0,2418
8586,1838586,17052,-612,904,17086.91,27.02,-1.00,-1.0,2367
8591,1838591,17104,-548,912,17137.06,27.02,-1.00,-1.0,2429
8593,1838593,17012,-656,968,17052.14,27.07,-1.00,-1.0,2370
8596,1838596,17096,-476,816,17122.08,27.12,-1.00,-1.0,2435
8599,1838599,17068,-476,1024,17105.31,27.07,-1.00,-1.0,2379
8602,1838602,17032,-524,1020,17070.56,27.12,-1.00,-1.0,2438
8604,1838604,16964,-660,864,16998.80,26.98,-1.00,-1.0,2378
8607,1838607,16960,-592,924,16995.46,27.17,-1.00,-1.0,2365
8610,1838610,17052,-600,1004,17092.07,27.07,-1.00,-1.0,2426
8613,1838613,17088,-536,912,17120.71,27.07,-1.00,-1.0,2370
8618,1838618,16952,-576,904,16985.86,27.07,-1.00,-1.0,2429
8620,1838620,16940,-608,916,16975.64,27.02,-1.00,-1.0,2372
8623,1838623,17052,-548,936,17086.46,27.07,-1.00,-1.0,2427
8626,1838626,17012,-596,1024,17053.21,27.12,-1.00,-1.0,2370
8629,1838629,16992,-612,892,17026.40,27.07,-1.00,-1.0,2419
8631,1838631,16956,-596,988,16995.21,27.07,-1.00,-1.0,2375
8634,1838634,17140,-528,972,17175.66,27.17,-1.00,-1.0,2418
8637,1838637,17020,-504,1012,17057.51,27.07,-1.00,-1.0,2370
8642,1838642,17060,-544,1140,17106.70,26.98,-1.00,-1.0,2431
8644,1838644,17076,-568,1016,17115.63,27.02,-1.00,-1.0,2380
8647,1838647,17048,-476,940,17080.53,27.07,-1.00,-1.0,2365
8650,1838650,16996,-592,1120,17043.15,27.12,-1.00,-1.0,2435
8653,1838653,17016,-592,968,17053.79,27.07,-1.00,-1.0,2366
8655,1838655,17080,-528,1064,17121.25,27.12,-1.00,-1.0,2426
8658,1838658,17060,-644,900,17095.86,27.07,-1.00,-1.0,2368
8661,1838661,17032,-424,936,17062.97,27.12,-1.00,-1.0,2425
8664,1838664,17072,-556,1020,17111.48,27.07,-1.00,-1.0,2368
8669,1838669,16996,-644,808,17027.38,27.07,-1.00,-1.0,2429
8671,1838671,17048,-568,1012,17087.45,27.07,-1.00,-1.0,2366
8674,1838674,17004,-596,1020,17044.99,27.12,-1.00,-1.0,2427
8677,1838677,17028,-572,868,17059.70,27.07,-1.00,-1.0,2370
8680,1838680,17016,-580,904,17049.87,27.12,-1.00,-1.0,2419
8682,1838682,17044,-584,1128,17091.27,27.07,-1.00,-1.0,2358
8685,1838685,17068,-736,964,17111.04,27.02,-1.00,-1.0,2418
8688,1838688,17072,-520,964,17107.10,27.07,-1.00,-1.0,2369
8690,1838690,17064,-516,1004,17101.30,27.02,-1.00,-1.0,2374
8695,1838695,17008,-616,904,17043.14,27.12,-1.00,-1.0,2432
8698,1838698,17036,-656,936,17074.30,27.02,-1.00,-1.0,2369
8701,1838701,16960,-568,904,16993.57,27.02,-1.00,-1.0,2435
8704,1838704,16892,-636,860,16925.83,27.12,-1.00,-1.0,2370
8706,1838706,16988,-604,904,17022.75,27.07,-1.00,-1.0,2428
8709,1838709,17072,-580,964,17109.03,27.12,-1.00,-1.0,2371
8712,1838712,17052,-604,1016,17092.92,27.07,-1.00,-1.0,2427
8715,1838715,16996,-648,1036,17039.87,27.02,-1.00,-1.0,2371
8720,1838720,16976,-484,852,17004.26,27.02,-1.00,-1.0,2431
8722,1838722,17000,-624,976,17039.42,27.17,-1.00,-1.0,2373
8725,1838725,16936,-560,852,16966.66,27.12,-1.00,-1.0,2427
8728,1838728,17028,-540,1000,17065.88,27.12,-1.00,-1.0,2379
8730,1838730,16948,-560,1040,16989.11,27.07,-1.00,-1.0,2374
8733,1838733,17044,-600,1108,17090.51,27.07,-1.00,-1.0,2419
8736,1838736,16976,-568,1028,17016.58,27.17,-1.00,-1.0,2375
8739,1838739,17028,-476,936,17060.35,27.21,-1.00,-1.0,2420
8741,1838741,17012,-580,1040,17053.62,27.07,-1.00,-1.0,2373
8746,1838746,17120,-588,1044,17161.88,27.07,-1.00,-1.0,2466
8749,1838749,17008,-448,1020,17044.45,26.98,-1.00,-1.0,2386
8752,1838752,17020,-548,988,17057.46,27.17,-1.00,-1.0,2422
8755,1838755,17044,-568,956,17080.24,27.07,-1.00,-1.0,2366
8757,1838757,16904,-520,712,16926.98,26.98,-1.00,-1.0,2410
8760,1838760,16984,-516,820,17011.61,27.07,-1.00,-1.0,2381
8763,1838763,17084,-596,860,17116.01,27.17,-1.00,-1.0,2424
8766,1838766,17148,-540,1048,17188.48,27.07,-1.00,-1.0,2367
8768,1838768,16980,-616,740,17007.28,27.17,-1.00,-1.0,2367
8773,1838773,16948,-500,884,16978.40,27.07,-1.00,-1.0,2437
8776,1838776,16996,-504,932,17028.99,27.12,-1.00,-1.0,2377
8779,1838779,16996,-516,1004,17033.45,27.07,-1.00,-1.0,2432
8781,1838781,17028,-600,1016,17068.83,27.07,-1.00,-1.0,2372
8784,1838784,17016,-520,980,17052.13,27.17,-1.00,-1.0,2438
8787,1838787,17008,-520,872,17038.28,27.17,-1.00,-1.0,2376
8790,1838790,17016,-508,828,17043.71,26.98,-1.00,-1.0,2434
8792,1838792,17068,-548,780,17094.60,27.07,-1.00,-1.0,2373
8797,1838797,17072,-560,932,17106.59,27.07,-1.00,-1.0,2437
8800,1838800,17072,-584,1036,17113.37,27.12,-1.00,-1.0,2374
8803,1838803,17148,-600,952,17184.88,27.07,-1.00,-1.0,2429
8806,1838806,17012,-444,900,17041.57,27.12,-1.00,-1.0,2368
8808,1838808,17036,-604,1004,17076.24,27.07,-1.00,-1.0,2431
8811,1838811,17016,-624,916,17052.06,27.07,-1.00,-1.0,2369
8814,1838814,16968,-600,988,17007.33,27.07,-1.00,-1.0,2368
8817,1838817,17048,-568,980,17085.59,27.12,-1.00,-1.0,2425
8819,1838819,17060,-656,964,17099.80,27.07,-1.00,-1.0,2372
8824,1838824,16980,-528,1024,17019.04,27.07,-1.00,-1.0,2452
8827,1838827,17036,-540,972,17072.25,27.07,-1.00,-1.0,2376
8830,1838830,17148,-488,920,17179.59,27.12,-1.00,-1.0,2446
8832,1838832,17112,-544,972,17148.21,27.07,-1.00,-1.0,2378
8835,1838835,17100,-632,1024,17142.29,27.02,-1.00,-1.0,2421
8838,1838838,16932,-532,952,16967.08,27.12,-1.00,-1.0,2371
8841,1838841,16952,-508,1024,16990.50,27.12,-1.00,-1.0,2422
8843,1838843,17036,-608,892,17070.17,27.12,-1.00,-1.0,2380
8848,1838848,17080,-584,952,17116.48,27.02,-1.00,-1.0,2448
8851,1838851,17068,-580,908,17101.97,27.07,-1.00,-1.0,2382
8854,1838854,16944,-632,996,16985.01,27.02,-1.00,-1.0,2367
8857,1838857,17036,-512,988,17072.30,27.07,-1.00,-1.0,2422
8859,1838859,17016,-572,1028,17056.62,27.02,-1.00,-1.0,2369
8862,1838862,16988,-536,868,17018.60,27.07,-1.00,-1.0,2422
8865,1838865,16980,-536,960,17015.56,27.12,-1.00,-1.0,2371
8868,1838868,17052,-512,792,17078.06,27.07,-1.00,-1.0,2421
8870,1838870,17000,-572,956,17036.46,27.12,-1.00,-1.0,2369
8875,1838875,16976,-516,928,17009.17,27.12,-1.00,-1.0,2443
8878,1838878,17056,-528,980,17092.29,27.12,-1.00,-1.0,2374
8881,1838881,16984,-612,1032,17026.33,27.12,-1.00,-1.0,2422
8883,1838883,17024,-596,880,17057.14,27.12,-1.00,-1.0,2376
8886,1838886,16936,-688,908,16974.27,27.07,-1.00,-1.0,2422
8889,1838889,17092,-604,800,17121.37,27.12,-1.00,-1.0,2373
8892,1838892,17136,-576,948,17171.87,27.07,-1.00,-1.0,2354
8894,1838894,16944,-636,992,16984.93,27.17,-1.00,-1.0,2422
8897,1838897,16980,-588,860,17011.93,27.07,-1.00,-1.0,2369
8904,1838904,16984,-644,960,17023.29,27.07,-1.00,-1.0,2436
8906,1838906,17020,-500,832,17047.66,27.07,-1.00,-1.0,2369
8909,1838909,17104,-620,1116,17151.58,27.07,-1.00,-1.0,2428
8912,1838912,17012,-484,852,17040.20,27.07,-1.00,-1.0,2369
8915,1838915,17000,-548,908,17033.05,26.98,-1.00,-1.0,2421
8917,1838917,17052,-576,912,17086.08,27.17,-1.00,-1.0,2369
8920,1838920,17012,-576,928,17047.03,27.17,-1.00,-1.0,2422
8923,1838923,17076,-552,1032,17116.06,26.98,-1.00,-1.0,2369
8928,1838928,16932,-608,1060,16976.04,27.17,-1.00,-1.0,2436
8931,1838931,17024,-692,1000,17067.38,26.98,-1.00,-1.0,2376
8933,1838933,16984,-632,832,17016.11,27.07,-1.00,-1.0,2366
8936,1838936,16916,-516,916,16948.64,27.12,-1.00,-1.0,2428
8939,1838939,17088,-548,856,17118.20,27.02,-1.00,-1.0,2368
8941,1838941,17008,-620,1020,17049.83,27.02,-1.00,-1.0,2435
8944,1838944,16948,-512,840,16976.53,26.98,-1.00,-1.0,2369
8947,1838947,17044,-592,1012,17084.28,27.02,-1.00,-1.0,2432
8950,1838950,17020,-568,940,17055.40,27.02,-1.00,-1.0,2370
8954,1838954,17080,-556,836,17109.48,27.02,-1.00,-1.0,2447
8957,1838957,17012,-436,912,17042.01,27.12,-1.00,-1.0,2382
8960,1838960,16936,-688,756,16966.82,27.07,-1.00,-1.0,2429
8963,1838963,16996,-620,1060,17040.30,27.12,-1.00,-1.0,2372
8965,1838965,17028,-700,948,17068.73,26.98,-1.00,-1.0,2409
8968,1838968,17000,-572,876,17032.16,26.93,-1.00,-1.0,2384
8971,1838971,16996,-480,848,17023.91,27.07,-1.00,-1.0,2424
8974,1838974,16964,-576,1032,17005.12,27.12,-1.00,-1.0,2371
8976,1838976,16912,-584,1028,16953.28,27.07,-1.00,-1.0,2367
8981,1838981,16984,-456,972,17017.90,27.07,-1.00,-1.0,2439
8984,1838984,17016,-472,932,17048.04,27.02,-1.00,-1.0,2372
8986,1838986,17108,-580,1024,17148.43,27.07,-1.00,-1.0,2431
8989,1838989,17008,-548,964,17044.11,27.07,-1.00,-1.0,2377
8992,1838992,17016,-632,924,17052.79,27.07,-1.00,-1.0,2423
8995,1838995,17024,-656,876,17059.14,27.17,-1.00,-1.0,2370
8998,1838998,17008,-460,916,17038.86,27.17,-1.00,-1.0,2425
9000,1839000,17116,-520,1052,17156.18,27.07,-1.00,-1.0,2372
9005,1839005,17020,-596,1028,17061.43,27.07,-1.00,-1.0,2450
9008,1839008,17068,-612,940,17104.82,27.02,-1.00,-1.0,2380
9011,1839011,16976,-516,916,17008.52,26.98,-1.00,-1.0,2433
9013,1839013,17020,-584,996,17059.12,26.98,-1.00,-1.0,2377
9016,1839016,17052,-452,960,17084.98,27.07,-1.00,-1.0,2365
9019,1839019,17044,-580,868,17075.94,27.12,-1.00,-1.0,2429
9022,1839022,16936,-536,828,16964.70,27.02,-1.00,-1.0,2367
9024,1839024,16896,-528,944,16930.59,27.12,-1.00,-1.0,2424
9027,1839027,17044,-536,728,17067.96,26.98,-1.00,-1.0,2369
9032,1839032,17052,-568,956,17088.22,27.07,-1.00,-1.0,2435
9035,1839035,17052,-588,940,17088.01,27.07,-1.00,-1.0,2369
9038,1839038,16996,-548,840,17025.57,27.02,-1.00,-1.0,2427
9040,1839040,17016,-568,1116,17062.01,27.07,-1.00,-1.0,2369
9043,1839043,17044,-604,1068,17088.11,27.07,-1.00,-1.0,2422
9046,1839046,16952,-572,956,16988.57,27.07,-1.00,-1.0,2368
9049,1839049,17052,-584,796,17080.55,27.02,-1.00,-1.0,2422
9051,1839051,17036,-536,924,17069.46,27.07,-1.00,-1.0,2369
9054,1839054,17008,-640,840,17040.75,27.02,-1.00,-1.0,2374
9059,1839059,16952,-508,888,16982.84,27.02,-1.00,-1.0,2443
9062,1839062,16952,-536,880,16983.29,27.02,-1.00,-1.0,2367
9064,1839064,17036,-516,856,17065.29,27.07,-1.00,-1.0,2431
9067,1839067,16988,-520,932,17021.49,27.02,-1.00,-1.0,2368
9070,1839070,17008,-496,1176,17055.82,27.07,-1.00,-1.0,2433
9073,1839073,17088,-548,980,17124.85,27.12,-1.00,-1.0,2368
9075,1839075,16920,-644,984,16960.82,27.07,-1.00,-1.0,2423
9078,1839078,17024,-600,964,17061.82,27.21,-1.00,-1.0,2369
9083,1839083,17060,-544,912,17093.02,27.12,-1.00,-1.0,2436
9086,1839086,17008,-660,948,17047.18,27.02,-1.00,-1.0,2374
9089,1839089,17008,-540,928,17041.86,27.12,-1.00,-1.0,2409
9091,1839091,17124,-620,964,17162.32,27.02,-1.00,-1.0,2369
9094,1839094,17048,-576,952,17084.27,27.26,-1.00,-1.0,2377
9097,1839097,17096,-628,976,17135.35,27.07,-1.00,-1.0,2437
9099,1839099,17020,-584,980,17058.19,27.07,-1.00,-1.0,2372
9102,1839102,17000,-544,1020,17039.26,27.17,-1.00,-1.0,2430
9105,1839105,17016,-472,960,17049.59,27.07,-1.00,-1.0,2376
9110,1839110,17072,-564,1028,17112.22,27.07,-1.00,-1.0,2445
9113,1839113,17032,-492,940,17065.01,27.07,-1.00,-1.0,2367
9115,1839115,17112,-616,980,17151.11,27.07,-1.00,-1.0,2438
9118,1839118,17072,-484,1040,17110.49,27.07,-1.00,-1.0,2375
9121,1839121,17048,-524,1056,17088.71,27.07,-1.00,-1.0,2429
9124,1839124,16996,-520,960,17031.03,26.98,-1.00,-1.0,2370
9126,1839126,16984,-500,992,17020.29,27.02,-1.00,-1.0,2432
9129,1839129,16952,-480,936,16984.61,27.07,-1.00,-1.0,2376
9132,1839132,17008,-636,920,17044.73,27.12,-1.00,-1.0,2366
9137,1839137,16984,-616,896,17018.77,27.02,-1.00,-1.0,2439
9139,1839139,17060,-576,884,17092.60,27.12,-1.00,-1.0,2380
9142,1839142,17056,-564,892,17088.62,27.02,-1.00,-1.0,2420
9145,1839145,17060,-564,832,17089.59,27.12,-1.00,-1.0,2369
9148,1839148,17044,-576,832,17074.01,27.02,-1.00,-1.0,2423
9150,1839150,17040,-636,888,17074.97,27.12,-1.00,-1.0,2370
9153,1839153,16948,-512,900,16979.60,27.12,-1.00,-1.0,2422
9156,1839156,16924,-608,1020,16965.61,27.12,-1.00,-1.0,2370
9161,1839161,16988,-644,920,17025.08,27.02,-1.00,-1.0,2443
9164,1839164,17016,-656,964,17055.90,27.12,-1.00,-1.0,2390
9167,1839167,17008,-484,928,17040.17,27.21,-1.00,-1.0,2421
9170,1839170,17028,-496,900,17058.98,27.12,-1.00,-1.0,2366
9172,1839172,16964,-576,892,16997.20,27.07,-1.00,-1.0,2365
9175,1839175,17060,-580,844,17090.71,27.07,-1.00,-1.0,2421
9178,1839178,17060,-604,888,17093.77,27.07,-1.00,-1.0,2367
9181,1839181,17128,-636,908,17163.84,27.17,-1.00,-1.0,2422
9183,1839183,16976,-612,1008,17016.91,27.07,-1.00,-1.0,2369
9188,1839188,17044,-528,932,17077.63,27.02,-1.00,-1.0,2438
9191,1839191,17072,-560,1052,17113.55,27.12,-1.00,-1.0,2374
9194,1839194,17060,-552,928,17094.14,27.07,-1.00,-1.0,2421
9196,1839196,17152,-688,972,17193.29,27.12,-1.00,-1.0,2369
9199,1839199,16988,-556,844,17018.04,27.07,-1.00,-1.0,2421
9202,1839202,17160,-532,868,17190.17,27.12,-1.00,-1.0,2370
9205,1839205,17136,-656,868,17170.51,27.07,-1.00,-1.0,2422
9207,1839207,17028,-596,960,17065.45,27.12,-1.00,-1.0,2369
9210,1839210,17052,-576,1052,17094.13,27.07,-1.00,-1.0,2374
9215,1839215,17044,-500,1064,17084.50,27.07,-1.00,-1.0,2435
9218,1839218,17048,-496,964,17082.44,27.12,-1.00,-1.0,2376
9221,1839221,16952,-568,948,16987.98,27.17,-1.00,-1.0,2421
9223,1839223,17080,-512,832,17107.92,27.17,-1.00,-1.0,2368
9226,1839226,16980,-592,960,17017.42,27.07,-1.00,-1.0,2422
9229,1839229,17004,-596,876,17036.98,27.07,-1.00,-1.0,2367
9232,1839232,17036,-584,964,17073.24,27.07,-1.00,-1.0,2421
9234,1839234,17092,-532,1004,17129.73,26.98,-1.00,-1.0,2369
9239,1839239,17028,-592,920,17063.11,27.02,-1.00,-1.0,2429
9242,1839242,17052,-572,796,17080.15,27.02,-1.00,-1.0,2380
9245,1839245,16992,-564,808,17020.55,27.07,-1.00,-1.0,2431
9247,1839247,17084,-488,892,17114.23,27.12,-1.00,-1.0,2377
9250,1839250,17088,-552,916,17121.43,27.07,-1.00,-1.0,2421
9253,1839253,17076,-532,948,17110.57,27.02,-1.00,-1.0,2369
9256,1839256,17076,-592,1072,17119.86,27.07,-1.00,-1.0,2367
9258,1839258,17112,-540,1000,17149.70,27.12,-1.00,-1.0,2422
9261,1839261,16940,-544,1044,16980.86,27.07,-1.00,-1.0,2373
9266,1839266,16996,-616,888,17030.33,27.07,-1.00,-1.0,2435
9269,1839269,17176,-560,872,17207.24,27.17,-1.00,-1.0,2374
9272,1839272,17036,-500,880,17066.04,27.17,-1.00,-1.0,2422
9274,1839274,16952,-560,956,16988.17,27.07,-1.00,-1.0,2369
9277,1839277,17104,-600,1068,17147.81,27.12,-1.00,-1.0,2424
9280,1839280,17096,-564,884,17128.13,27.07,-1.00,-1.0,2367
9283,1839283,17032,-636,948,17070.21,27.02,-1.00,-1.0,2421
9285,1839285,17036,-556,876,17067.57,27.07,-1.00,-1.0,2369
9290,1839290,16968,-404,948,16999.26,27.07,-1.00,-1.0,2441
9293,1839293,16992,-460,980,17026.45,26.98,-1.00,-1.0,2372
9296,1839296,17048,-564,960,17084.32,27.07,-1.00,-1.0,2370
9298,1839298,17124,-548,916,17157.24,27.12,-1.00,-1.0,2422
9301,1839301,17080,-500,928,17112.50,27.02,-1.00,-1.0,2369
9304,1839304,16900,-544,872,16931.22,27.12,-1.00,-1.0,2424
9307,1839307,16980,-552,996,17018.14,27.02,-1.00,-1.0,2367
9309,1839309,17004,-584,840,17034.75,27.02,-1.00,-1.0,2422
9312,1839312,16856,-588,912,16890.89,27.12,-1.00,-1.0,2368
9317,1839317,17040,-544,900,17072.42,27.07,-1.00,-1.0,2437
9320,1839320,16980,-580,852,17011.25,27.17,-1.00,-1.0,2374
9323,1839323,17020,-564,896,17052.90,27.02,-1.00,-1.0,2421
9325,1839325,17020,-612,1080,17065.21,27.17,-1.00,-1.0,2373
9328,1839328,17056,-648,880,17090.97,27.02,-1.00,-1.0,2421
9331,1839331,17044,-444,936,17075.46,27.07,-1.00,-1.0,2367
9333,1839333,17068,-516,856,17097.24,27.12,-1.00,-1.0,2368
9336,1839336,17044,-508,960,17078.57,27.17,-1.00,-1.0,2437
9339,1839339,17088,-580,896,17121.30,27.02,-1.00,-1.0,2379
9344,1839344,16980,-636,992,17020.84,27.12,-1.00,-1.0,2442
9347,1839347,17024,-600,976,17062.51,27.12,-1.00,-1.0,2374
9349,1839349,16964,-588,992,17003.15,27.07,-1.00,-1.0,2422
9352,1839352,17032,-572,872,17063.90,27.02,-1.00,-1.0,2371
9355,1839355,16996,-484,1012,17032.98,27.07,-1.00,-1.0,2432
9358,1839358,17032,-648,972,17072.02,27.12,-1.00,-1.0,2367
9360,1839360,17052,-616,872,17085.39,27.07,-1.00,-1.0,2425
9363,1839363,16980,-584,1120,17026.92,27.12,-1.00,-1.0,2369
9368,1839368,16976,-484,896,17006.52,27.07,-1.00,-1.0,2443
9371,1839371,17164,-636,1020,17206.04,27.07,-1.00,-1.0,2374
9373,1839373,17088,-608,948,17125.07,27.07,-1.00,-1.0,2369
9376,1839376,17016,-500,912,17047.76,27.02,-1.00,-1.0,2421
9379,1839379,17000,-528,1004,17037.80,27.07,-1.00,-1.0,2369
9382,1839382,17060,-524,900,17091.76,27.02,-1.00,-1.0,2421
9384,1839384,16956,-532,896,16987.99,27.12,-1.00,-1.0,2369
9387,1839387,17096,-572,888,17128.60,27.12,-1.00,-1.0,2421
9390,1839390,17032,-472,924,17063.57,27.17,-1.00,-1.0,2372
9394,1839394,16984,-564,788,17011.62,27.07,-1.00,-1.0,2439
9397,1839397,17104,-520,1024,17142.51,27.07,-1.00,-1.0,2368
9400,1839400,17120,-616,948,17157.29,27.07,-1.00,-1.0,2429
9403,1839403,17076,-532,1016,17114.47,27.07,-1.00,-1.0,2374
9405,1839405,17056,-592,968,17093.70,27.02,-1.00,-1.0,2429
9408,1839408,16972,-604,968,17010.31,27.07,-1.00,-1.0,2376
9411,1839411,17008,-548,1008,17046.65,27.12,-1.00,-1.0,2367
9414,1839414,17072,-568,944,17107.51,27.07,-1.00,-1.0,2422
9417,1839417,17032,-520,940,17065.84,27.12,-1.00,-1.0,2369
9422,1839422,17052,-540,948,17086.87,27.02,-1.00,-1.0,2437
9424,1839424,17064,-580,960,17100.82,27.02,-1.00,-1.0,2368
9427,1839427,17028,-484,940,17060.79,27.02,-1.00,-1.0,2422
9430,1839430,17020,-500,936,17053.05,27.07,-1.00,-1.0,2370
9433,1839433,16968,-540,972,17004.39,27.12,-1.00,-1.0,2422
9435,1839435,17060,-512,948,17093.99,27.02,-1.00,-1.0,2371
9438,1839438,17060,-608,856,17092.28,27.12,-1.00,-1.0,2422
9441,1839441,17024,-592,916,17058.90,26.93,-1.00,-1.0,2370
9446,1839446,16984,-564,1036,17024.91,27.07,-1.00,-1.0,2444
9448,1839448,16980,-600,988,17019.30,27.21,-1.00,-1.0,2376
9451,1839451,16904,-512,928,16937.19,27.17,-1.00,-1.0,2375
9454,1839454,17036,-528,844,17065.06,26.98,-1.00,-1.0,2424
9457,1839457,17004,-476,1068,17044.15,27.07,-1.00,-1.0,2368
9459,1839459,17008,-584,860,17039.74,27.07,-1.00,-1.0,2425
9462,1839462,17068,-612,936,17104.60,27.07,-1.00,-1.0,2369
9465,1839465,17044,-592,888,17077.38,27.07,-1.00,-1.0,2416
9468,1839468,17000,-572,904,17033.62,27.07,-1.00,-1.0,2369
9473,1839473,17036,-612,920,17071.80,27.07,-1.00,-1.0,2458
9475,1839475,17000,-572,868,17031.75,27.12,-1.00,-1.0,2372
9478,1839478,17048,-460,920,17079.00,27.02,-1.00,-1.0,2421
9481,1839481,17072,-596,860,17104.04,27.02,-1.00,-1.0,2354
9484,1839484,17036,-556,908,17069.24,27.12,-1.00,-1.0,2435
9486,1839486,17032,-564,836,17061.83,27.02,-1.00,-1.0,2373
9489,1839489,17036,-596,852,17067.70,27.17,-1.00,-1.0,2365
9492,1839492,16960,-580,896,16993.55,26.98,-1.00,-1.0,2429
9495,1839495,17052,-568,836,17081.93,27.17,-1.00,-1.0,2363
9500,1839500,17092,-588,904,17125.99,27.07,-1.00,-1.0,2440
9502,1839502,16980,-612,972,17018.80,27.07,-1.00,-1.0,2364
9505,1839505,17044,-532,1036,17083.74,27.07,-1.00,-1.0,2421
9508,1839508,16940,-592,804,16969.40,27.07,-1.00,-1.0,2367
9511,1839511,17056,-556,864,17086.92,27.07,-1.00,-1.0,2422
9513,1839513,16980,-592,1004,17019.96,27.07,-1.00,-1.0,2356
9516,1839516,17008,-536,948,17042.83,27.07,-1.00,-1.0,2421
9519,1839519,17024,-600,1016,17064.84,27.07,-1.00,-1.0,2367
9524,1839524,16984,-596,932,17019.99,26.98,-1.00,-1.0,2439
9526,1839526,17068,-588,932,17103.54,27.07,-1.00,-1.0,2355
9529,1839529,16992,-532,1068,17033.84,27.07,-1.00,-1.0,2421
9532,1839532,17116,-592,964,17153.34,26.98,-1.00,-1.0,2369
9535,1839535,16932,-604,896,16966.45,27.07,-1.00,-1.0,2366
9537,1839537,17088,-572,1104,17133.18,27.02,-1.00,-1.0,2426
9540,1839540,16984,-512,908,17015.96,27.12,-1.00,-1.0,2368
9543,1839543,16980,-612,876,17013.59,27.12,-1.00,-1.0,2428
9546,1839546,17064,-476,1112,17106.82,27.12,-1.00,-1.0,2372
9551,1839551,16964,-572,1124,17010.82,27.12,-1.00,-1.0,2440
9553,1839553,17072,-548,972,17108.43,27.12,-1.00,-1.0,2368
9556,1839556,16984,-580,1044,17025.94,27.12,-1.00,-1.0,2436
9559,1839559,16960,-540,1088,17003.44,27.02,-1.00,-1.0,2379
9562,1839562,17004,-520,1012,17042.02,27.07,-1.00,-1.0,2436
9564,1839564,17040,-532,1108,17084.27,27.12,-1.00,-1.0,2370
9567,1839567,17008,-556,1164,17056.85,27.17,-1.00,-1.0,2432
9570,1839570,17032,-548,980,17068.97,27.02,-1.00,-1.0,2375
9573,1839573,17028,-516,980,17063.98,27.02,-1.00,-1.0,2367
9577,1839577,17000,-576,1068,17043.25,27.17,-1.00,-1.0,2427
9580,1839580,16952,-524,928,16985.47,27.17,-1.00,-1.0,2370
9583,1839583,17056,-568,948,17091.77,27.07,-1.00,-1.0,2421
9586,1839586,17100,-576,832,17129.92,27.07,-1.00,-1.0,2368
9589,1839589,16996,-572,900,17029.42,26.98,-1.00,-1.0,2421
9591,1839591,17192,-600,864,17224.15,27.07,-1.00,-1.0,2369
9594,1839594,17080,-600,1060,17123.38,27.07,-1.00,-1.0,2421
9597,1839597,16992,-592,944,17028.50,27.12,-1.00,-1.0,2432
9602,1839602,16972,-564,884,17004.36,27.12,-1.00,-1.0,2438
9604,1839604,17008,-528,1060,17049.18,27.12,-1.00,-1.0,2370
9607,1839607,17008,-580,904,17041.88,26.98,-1.00,-1.0,2427
9610,1839610,16928,-508,892,16959.10,27.02,-1.00,-1.0,2379
9613,1839613,17000,-504,1096,17042.75,27.07,-1.00,-1.0,2422
9615,1839615,16952,-540,1024,16991.48,27.02,-1.00,-1.0,2371
9618,1839618,17000,-592,880,17033.05,27.07,-1.00,-1.0,2369
9621,1839621,17100,-584,964,17137.11,27.02,-1.00,-1.0,2421
9624,1839624,17008,-644,996,17049.30,27.07,-1.00,-1.0,2373
9629,1839629,17076,-644,992,17116.91,27.07,-1.00,-1.0,2446
9632,1839632,17028,-580,832,17058.18,26.98,-1.00,-1.0,2370
9634,1839634,17052,-680,808,17084.67,27.07,-1.00,-1.0,2428
9637,1839637,17072,-580,828,17101.91,27.07,-1.00,-1.0,2379
9640,1839640,17020,-648,896,17055.88,27.07,-1.00,-1.0,2420
9643,1839643,16988,-540,1088,17031.37,27.07,-1.00,-1.0,2373
9645,1839645,17088,-548,1060,17129.61,27.07,-1.00,-1.0,2427
9648,1839648,17140,-624,1064,17184.33,27.07,-1.00,-1.0,2386
9653,1839653,17080,-628,872,17113.77,27.07,-1.00,-1.0,2438
9656,1839656,17040,-556,948,17075.40,26.98,-1.00,-1.0,2374
9658,1839658,16980,-508,876,17010.17,27.07,-1.00,-1.0,2368
9661,1839661,17084,-564,924,17118.26,27.21,-1.00,-1.0,2418
9664,1839664,17008,-648,984,17048.76,27.12,-1.00,-1.0,2375
9667,1839667,16964,-512,896,16995.36,27.12,-1.00,-1.0,2418
9669,1839669,17060,-600,996,17099.58,27.07,-1.00,-1.0,2372
9672,1839672,17048,-544,876,17079.16,27.12,-1.00,-1.0,2418
9675,1839675,16932,-572,980,16969.98,27.02,-1.00,-1.0,2373
9680,1839680,17052,-632,1008,17093.46,27.07,-1.00,-1.0,2440
9683,1839683,16980,-544,1088,17023.52,27.07,-1.00,-1.0,2376
9686,1839686,17048,-504,876,17077.93,27.07,-1.00,-1.0,2421
9688,1839688,16952,-504,1056,16992.34,27.07,-1.00,-1.0,2374
9691,1839691,17008,-644,964,17047.47,27.12,-1.00,-1.0,2418
9694,1839694,17044,-664,908,17081.08,27.02,-1.00,-1.0,2372
9696,1839696,17052,-560,856,17082.65,27.02,-1.00,-1.0,2367
9699,1839699,17068,-560,912,17101.52,27.17,-1.00,-1.0,2418
9702,1839702,16952,-500,880,16982.19,27.12,-1.00,-1.0,2370
9707,1839707,16948,-524,928,16981.47,27.12,-1.00,-1.0,2438
9709,1839709,16956,-592,928,16991.69,27.12,-1.00,-1.0,2358
9712,1839712,16916,-556,1060,16958.29,27.02,-1.00,-1.0,2405
9715,1839715,17036,-576,720,17060.93,27.21,-1.00,-1.0,2374
9718,1839718,17068,-644,956,17106.88,27.12,-1.00,-1.0,2418
9720,1839720,17068,-612,904,17102.88,27.12,-1.00,-1.0,2372
9723,1839723,17088,-608,800,17117.52,27.02,-1.00,-1.0,2418
9726,1839726,17020,-644,912,17056.58,27.12,-1.00,-1.0,2374
9731,1839731,17028,-544,1000,17066.01,27.02,-1.00,-1.0,2440
9734,1839734,17036,-576,1040,17077.43,27.12,-1.00,-1.0,2375
9736,1839736,16996,-640,1096,17043.32,27.12,-1.00,-1.0,2365
9739,1839739,16964,-596,812,16993.88,27.07,-1.00,-1.0,2419
9742,1839742,16940,-512,876,16970.36,27.07,-1.00,-1.0,2370
9745,1839745,17080,-592,764,17107.32,27.07,-1.00,-1.0,2419
9747,1839747,17036,-480,1028,17073.74,26.98,-1.00,-1.0,2372
9750,1839750,17060,-508,992,17096.37,27.07,-1.00,-1.0,2418
9753,1839753,17084,-584,936,17119.59,26.98,-1.00,-1.0,2378
9758,1839758,17064,-580,864,17095.70,26.98,-1.00,-1.0,2444
9761,1839761,17008,-540,836,17037.09,26.98,-1.00,-1.0,2371
9763,1839763,17008,-576,1044,17049.74,26.98,-1.00,-1.0,2420
9766,1839766,17036,-592,932,17071.74,27.17,-1.00,-1.0,2371
9769,1839769,16984,-572,868,17015.78,27.07,-1.00,-1.0,2421
9772,1839772,17048,-584,1040,17089.67,27.07,-1.00,-1.0,2370
9774,1839774,17048,-568,944,17083.56,27.07,-1.00,-1.0,2421
9777,1839777,17036,-616,1052,17079.56,27.07,-1.00,-1.0,2371
9780,1839780,17064,-528,912,17096.51,27.12,-1.00,-1.0,2373
9785,1839785,17152,-580,788,17179.88,27.12,-1.00,-1.0,2445
9787,1839787,17112,-500,1000,17148.48,27.12,-1.00,-1.0,2379
9790,1839790,16976,-544,800,17003.54,27.07,-1.00,-1.0,2418
9793,1839793,16996,-568,1032,17036.77,27.12,-1.00,-1.0,2373
9796,1839796,17080,-608,916,17115.35,27.07,-1.00,-1.0,2418
9798,1839798,16960,-616,1072,17005.01,27.02,-1.00,-1.0,2377
9801,1839801,17016,-528,824,17044.12,27.17,-1.00,-1.0,2418
9804,1839804,17008,-596,904,17042.43,27.12,-1.00,-1.0,2359
9809,1839809,17028,-532,876,17058.82,27.02,-1.00,-1.0,2437
9811,1839811,17052,-532,1112,17096.50,27.07,-1.00,-1.0,2370
9814,1839814,17044,-608,900,17078.57,27.12,-1.00,-1.0,2426
9817,1839817,17032,-608,996,17071.93,27.02,-1.00,-1.0,2378
9819,1839819,17052,-628,948,17089.87,27.07,-1.00,-1.0,2375
9822,1839822,17064,-620,856,17096.70,27.07,-1.00,-1.0,2418
9825,1839825,17000,-592,828,17030.45,27.07,-1.00,-1.0,2373
9828,1839828,17020,-512,856,17049.20,27.07,-1.00,-1.0,2420
9831,1839831,17064,-612,956,17101.71,27.12,-1.00,-1.0,2357
9836,1839836,17088,-572,932,17122.95,27.02,-1.00,-1.0,2444
9839,1839839,16992,-608,876,17025.43,27.12,-1.00,-1.0,2370
9841,1839841,17024,-664,884,17059.86,27.07,-1.00,-1.0,2431
9844,1839844,16984,-528,768,17009.55,27.12,-1.00,-1.0,2378
9847,1839847,17024,-552,996,17062.04,27.07,-1.00,-1.0,2408
9850,1839850,17084,-576,1084,17128.04,27.12,-1.00,-1.0,2371
9852,1839852,17056,-636,900,17091.57,26.98,-1.00,-1.0,2427
9855,1839855,17136,-576,976,17173.43,27.02,-1.00,-1.0,2379
9858,1839858,17072,-660,924,17109.72,27.07,-1.00,-1.0,2367
9863,1839863,17076,-484,892,17106.13,27.07,-1.00,-1.0,2445
9866,1839866,17064,-544,1028,17103.59,27.02,-1.00,-1.0,2375
9868,1839868,17000,-560,792,17027.65,26.98,-1.00,-1.0,2420
9871,1839871,17168,-536,1012,17206.15,27.07,-1.00,-1.0,2385
9874,1839874,17080,-544,1044,17120.52,27.17,-1.00,-1.0,2421
9877,1839877,17052,-568,984,17089.81,27.17,-1.00,-1.0,2372
9880,1839880,16992,-644,996,17033.34,26.98,-1.00,-1.0,2420
9882,1839882,17052,-548,980,17088.93,27.17,-1.00,-1.0,2374
9887,1839887,17044,-576,912,17078.10,27.07,-1.00,-1.0,2448
9890,1839890,16996,-544,948,17031.11,27.17,-1.00,-1.0,2376
9893,1839893,17024,-564,888,17056.47,27.07,-1.00,-1.0,2419
9895,1839895,17076,-524,900,17107.73,27.07,-1.00,-1.0,2377
9898,1839898,16944,-600,952,16981.33,27.02,-1.00,-1.0,2365
9901,1839901,16972,-552,1004,17010.63,27.12,-1.00,-1.0,2421
9904,1839904,17044,-616,896,17078.65,27.12,-1.00,-1.0,2369
9906,1839906,16928,-540,872,16959.04,27.02,-1.00,-1.0,2418
9909,1839909,17024,-472,748,17046.96,27.12,-1.00,-1.0,2371
9914,1839914,17024,-496,900,17054.99,27.12,-1.00,-1.0,2424
9917,1839917,16988,-512,1076,17029.74,27.07,-1.00,-1.0,2370
9920,1839920,17028,-584,864,17059.90,27.12,-1.00,-1.0,2418
9922,1839922,17036,-488,968,17070.46,26.98,-1.00,-1.0,2372
9925,1839925,17052,-564,952,17087.86,27.12,-1.00,-1.0,2418
9928,1839928,17044,-544,856,17074.15,27.02,-1.00,-1.0,2369
9931,1839931,17104,-600,960,17141.42,27.02,-1.00,-1.0,2419
9933,1839933,17044,-596,1016,17084.65,27.17,-1.00,-1.0,2371
9938,1839938,17032,-564,948,17067.68,27.07,-1.00,-1.0,2438
9941,1839941,17116,-632,980,17155.68,27.07,-1.00,-1.0,2372
9944,1839944,16980,-524,900,17011.91,27.12,-1.00,-1.0,2352
9946,1839946,17016,-592,948,17052.67,27.07,-1.00,-1.0,2419
9949,1839949,17012,-544,944,17046.85,27.02,-1.00,-1.0,2371
9952,1839952,16992,-592,964,17029.62,26.98,-1.00,-1.0,2431
9955,1839955,17016,-688,976,17057.85,27.12,-1.00,-1.0,2357
9957,1839957,17060,-544,980,17096.78,27.17,-1.00,-1.0,2421
9960,1839960,17016,-572,792,17044.02,27.12,-1.00,-1.0,2371
9965,1839965,16984,-464,872,17012.70,27.02,-1.00,-1.0,2437
9968,1839968,17008,-544,856,17038.21,27.02,-1.00,-1.0,2373
9971,1839971,16920,-592,760,16947.40,27.07,-1.00,-1.0,2419
9973,1839973,17020,-564,976,17057.29,27.02,-1.00,-1.0,2371
9976,1839976,17036,-608,1016,17077.10,27.07,-1.00,-1.0,2374
9979,1839979,17060,-536,896,17091.92,27.12,-1.00,-1.0,2434
9981,1839981,16980,-632,1120,17028.63,27.07,-1.00,-1.0,2378
9984,1839984,17008,-628,956,17046.42,27.02,-1.00,-1.0,2418
9987,1839987,17036,-528,980,17072.33,27.07,-1.00,-1.0,2371
9993,1839993,17040,-588,952,17076.70,27.07,-1.00,-1.0,2447
9995,1839995,17096,-532,920,17129.00,27.02,-1.00,-1.0,2375
9998,1839998,17084,-544,1052,17125.00,27.07,-1.00,-1.0,2419
10001,1840001,17072,-564,1028,17112.22,27.07,-1.00,-1.0,2378
10004,1840004,17128,-544,892,17159.84,27.17,-1.00,-1.0,2418
10006,1840006,16920,-592,964,16957.78,27.07,-1.00,-1.0,2371
10009,1840009,17012,-552,960,17048.00,27.07,-1.00,-1.0,2419
10012,1840012,16932,-592,864,16964.36,27.07,-1.00,-1.0,2380
10017,1840017,17052,-476,952,17085.19,27.17,-1.00,-1.0,2438
10019,1840019,17072,-628,972,17111.18,27.02,-1.00,-1.0,2370
10022,1840022,16944,-616,1028,16986.33,27.07,-1.00,-1.0,2373
10025,1840025,17180,-572,928,17214.55,27.21,-1.00,-1.0,2434
10027,1840027,16952,-600,936,16988.42,27.12,-1.00,-1.0,2374
10030,1840030,16996,-580,1000,17035.27,27.12,-1.00,-1.0,2428
10033,1840033,16924,-572,904,16957.78,27.02,-1.00,-1.0,2379
10036,1840036,17068,-504,908,17099.56,27.02,-1.00,-1.0,2428
10038,1840038,17056,-512,1012,17093.67,27.02,-1.00,-1.0,2380
10043,1840043,17012,-572,1060,17054.59,27.02,-1.00,-1.0,2445
10046,1840046,17108,-556,880,17139.64,27.07,-1.00,-1.0,2381
10049,1840049,17072,-548,832,17101.04,27.12,-1.00,-1.0,2419
10052,1840052,17012,-492,832,17039.44,27.02,-1.00,-1.0,2369
10054,1840054,17076,-552,864,17106.75,27.02,-1.00,-1.0,2425
10057,1840057,17004,-700,904,17042.39,27.02,-1.00,-1.0,2382
10060,1840060,16952,-576,912,16986.28,27.12,-1.00,-1.0,2418
10063,1840063,17060,-472,1016,17096.74,27.12,-1.00,-1.0,2368
10068,1840068,17008,-560,784,17035.27,27.12,-1.00,-1.0,2440
10071,1840071,17084,-564,836,17113.74,27.17,-1.00,-1.0,2354
10073,1840073,17068,-644,996,17109.16,27.12,-1.00,-1.0,2420
10076,1840076,17076,-608,880,17109.47,27.07,-1.00,-1.0,2370
10079,1840079,17100,-508,972,17135.13,27.02,-1.00,-1.0,2369
10081,1840081,17032,-516,956,17066.61,27.07,-1.00,-1.0,2421
10084,1840084,17152,-612,860,17184.45,27.02,-1.00,-1.0,2386
10087,1840087,17040,-604,872,17072.98,26.98,-1.00,-1.0,2419
10090,1840090,17048,-524,816,17075.56,27.02,-1.00,-1.0,2372
10095,1840095,17104,-540,852,17133.72,27.12,-1.00,-1.0,2443
10097,1840097,17028,-568,1016,17067.74,27.02,-1.00,-1.0,2374
10100,1840100,16972,-532,1068,17013.89,26.98,-1.00,-1.0,2426
10103,1840103,16996,-716,804,17030.06,27.02,-1.00,-1.0,2379
10106,1840106,17056,-544,876,17087.14,27.07,-1.00,-1.0,2427
10108,1840108,16976,-572,924,17010.75,27.02,-1.00,-1.0,2377
10111,1840111,16972,-592,880,17005.11,27.07,-1.00,-1.0,2419
10114,1840114,17076,-636,928,17113.02,27.12,-1.00,-1.0,2371
10119,1840119,17116,-540,936,17150.08,27.02,-1.00,-1.0,2446
10122,1840122,17020,-548,908,17053.01,27.02,-1.00,-1.0,2370
10124,1840124,17140,-656,904,17176.35,26.98,-1.00,-1.0,2366
10127,1840127,17120,-564,816,17148.71,27.17,-1.00,-1.0,2418
10130,1840130,16940,-612,968,16978.67,27.07,-1.00,-1.0,2370
10133,1840133,17016,-496,1188,17064.63,27.12,-1.00,-1.0,2418
10135,1840135,17020,-608,1052,17063.32,27.07,-1.00,-1.0,2371
10138,1840138,17048,-640,912,17084.37,27.07,-1.00,-1.0,2418
10141,1840141,17016,-508,980,17051.77,27.07,-1.00,-1.0,2369
10146,1840146,17100,-588,884,17132.93,27.07,-1.00,-1.0,2441
10148,1840148,17144,-488,828,17170.92,27.07,-1.00,-1.0,2377
10151,1840151,17008,-528,832,17036.52,27.17,-1.00,-1.0,2419
10154,1840154,17056,-700,952,17096.88,27.07,-1.00,-1.0,2374
10157,1840157,17124,-620,908,17159.26,27.12,-1.00,-1.0,2418
10159,1840159,17044,-576,916,17078.31,27.07,-1.00,-1.0,2364
10162,1840162,17020,-604,888,17053.85,27.02,-1.00,-1.0,2418
10165,1840165,16984,-504,892,17014.87,26.98,-1.00,-1.0,2373
10170,1840170,17000,-624,1012,17041.52,27.07,-1.00,-1.0,2441
10173,1840173,17052,-520,824,17079.81,27.17,-1.00,-1.0,2374
10175,1840175,16952,-508,972,16987.44,27.12,-1.00,-1.0,2365
10178,1840178,17072,-612,980,17111.05,27.02,-1.00,-1.0,2418
10181,1840181,17076,-568,944,17111.50,27.02,-1.00,-1.0,2369
10184,1840184,16976,-648,948,17014.79,27.12,-1.00,-1.0,2418
10186,1840186,17028,-492,1016,17065.38,27.12,-1.00,-1.0,2371
10189,1840189,17100,-584,1024,17140.58,27.12,-1.00,-1.0,2419
10192,1840192,16904,-632,840,16936.65,27.12,-1.00,-1.0,2370
10197,1840197,17148,-532,888,17179.22,27.02,-1.00,-1.0,2437
10199,1840199,17044,-664,908,17081.08,27.12,-1.00,-1.0,2370
10202,1840202,16980,-516,968,17015.39,27.07,-1.00,-1.0,2426
10205,1840205,17040,-628,876,17074.05,27.12,-1.00,-1.0,2378
10208,1840208,17056,-576,956,17092.48,26.98,-1.00,-1.0,2421
10210,1840210,17000,-636,992,17040.79,27.12,-1.00,-1.0,2372
10213,1840213,17004,-532,1004,17041.92,26.98,-1.00,-1.0,2433
10216,1840216,17196,-544,1052,17236.74,27.07,-1.00,-1.0,2382
10221,1840221,17064,-544,900,17096.38,27.12,-1.00,-1.0,2438
10223,1840223,17096,-568,1044,17137.26,27.07,-1.00,-1.0,2415
10226,1840226,16948,-524,836,16976.70,27.12,-1.00,-1.0,2367
10229,1840229,16992,-564,964,17028.67,27.07,-1.00,-1.0,2438
10232,1840232,16996,-496,940,17029.20,27.12,-1.00,-1.0,2372
10234,1840234,17020,-592,860,17051.99,26.98,-1.00,-1.0,2425
10237,1840237,16976,-580,972,17013.69,27.07,-1.00,-1.0,2373
10240,1840240,17044,-524,956,17078.83,27.17,-1.00,-1.0,2425
10243,1840243,17084,-484,940,17116.69,27.17,-1.00,-1.0,2374
10248,1840248,16976,-644,808,17007.42,27.02,-1.00,-1.0,2422
10250,1840250,17044,-648,884,17079.21,27.12,-1.00,-1.0,2371
10253,1840253,16976,-608,852,17008.24,27.07,-1.00,-1.0,2434
10256,1840256,17056,-628,956,17094.31,27.12,-1.00,-1.0,2367
10259,1840259,17036,-572,824,17065.50,27.07,-1.00,-1.0,2421
10261,1840261,17012,-580,908,17046.08,27.12,-1.00,-1.0,2369
10264,1840264,17044,-560,928,17078.43,27.07,-1.00,-1.0,2420
10267,1840267,17160,-632,1000,17200.73,27.21,-1.00,-1.0,2367
10272,1840272,16976,-520,1044,17016.02,27.02,-1.00,-1.0,2422
10274,1840274,17112,-480,964,17145.85,27.12,-1.00,-1.0,2374
10277,1840277,17020,-600,1016,17060.85,27.17,-1.00,-1.0,2365
10280,1840280,17004,-532,876,17034.86,27.17,-1.00,-1.0,2441
10283,1840283,16980,-444,844,17006.76,27.07,-1.00,-1.0,2367
10285,1840285,17072,-524,772,17097.48,27.02,-1.00,-1.0,2431
10288,1840288,16992,-592,960,17029.39,27.07,-1.00,-1.0,2368
10291,1840291,17060,-544,888,17091.75,27.07,-1.00,-1.0,2429
10294,1840294,16976,-500,1016,17013.72,27.17,-1.00,-1.0,2369
10299,1840299,16996,-556,968,17032.62,27.07,-1.00,-1.0,2423
10301,1840301,17092,-560,952,17127.65,27.07,-1.00,-1.0,2372
10304,1840304,16972,-552,944,17007.19,27.07,-1.00,-1.0,2434
10307,1840307,17012,-532,1032,17051.57,27.07,-1.00,-1.0,2375
10310,1840310,17000,-552,940,17034.91,27.07,-1.00,-1.0,2421
10312,1840312,17048,-556,916,17081.64,27.07,-1.00,-1.0,2369
10315,1840315,17000,-536,948,17034.85,27.02,-1.00,-1.0,2436
10318,1840318,17056,-504,1068,17096.84,26.98,-1.00,-1.0,2370
10323,1840323,17100,-564,860,17130.90,26.98,-1.00,-1.0,2429
10326,1840326,16912,-504,1016,16949.99,27.07,-1.00,-1.0,2375
10328,1840328,17060,-540,924,17093.54,27.12,-1.00,-1.0,2371
10331,1840331,17020,-672,820,17052.99,27.02,-1.00,-1.0,2434
10334,1840334,17056,-540,1008,17094.29,27.12,-1.00,-1.0,2370
10337,1840337,17008,-520,780,17033.81,27.12,-1.00,-1.0,2423
10339,1840339,17120,-612,732,17146.57,27.21,-1.00,-1.0,2370
10342,1840342,17080,-652,968,17119.83,27.12,-1.00,-1.0,2423
10345,1840345,17032,-596,980,17070.58,27.02,-1.00,-1.0,2369
10350,1840350,17080,-600,956,17117.25,27.02,-1.00,-1.0,2426
10352,1840352,16976,-600,936,17012.37,27.02,-1.00,-1.0,2376
10355,1840355,16988,-520,936,17021.71,27.21,-1.00,-1.0,2443
10358,1840358,17136,-592,872,17168.38,27.12,-1.00,-1.0,2371
10361,1840361,17004,-604,908,17038.94,27.12,-1.00,-1.0,2429
10363,1840363,17044,-524,856,17073.53,27.12,-1.00,-1.0,2375
10366,1840366,17024,-596,836,17054.93,27.07,-1.00,-1.0,2421
10369,1840369,17076,-572,948,17111.86,27.12,-1.00,-1.0,2371
10374,1840374,17012,-568,1012,17051.54,27.02,-1.00,-1.0,2428
10377,1840377,17044,-556,852,17074.34,27.02,-1.00,-1.0,2371
10379,1840379,17076,-536,956,17111.14,27.07,-1.00,-1.0,2367
10382,1840382,17004,-632,912,17040.16,27.07,-1.00,-1.0,2434
10385,1840385,17052,-644,996,17093.20,27.17,-1.00,-1.0,2366
10388,1840388,17104,-596,1000,17143.57,27.07,-1.00,-1.0,2421
10390,1840390,17080,-620,932,17116.64,27.07,-1.00,-1.0,2369
10393,1840393,16984,-580,1052,17026.43,27.07,-1.00,-1.0,2420
10396,1840396,17000,-572,992,17038.52,27.17,-1.00,-1.0,2366
10401,1840401,17096,-580,868,17127.84,27.07,-1.00,-1.0,2423
10403,1840403,17040,-568,852,17070.74,27.17,-1.00,-1.0,2372
10406,1840406,16980,-576,860,17011.52,27.21,-1.00,-1.0,2434
10409,1840409,17048,-568,904,17081.40,27.07,-1.00,-1.0,2368
10412,1840412,17028,-544,952,17063.27,27.02,-1.00,-1.0,2421
10414,1840414,17004,-688,884,17040.86,27.02,-1.00,-1.0,2368
10417,1840417,16992,-560,920,17026.10,27.12,-1.00,-1.0,2421
10420,1840420,17072,-576,1052,17114.08,27.17,-1.00,-1.0,2371
10424,1840424,17000,-460,852,17027.55,27.07,-1.00,-1.0,2429
10427,1840427,16956,-660,876,16991.44,27.07,-1.00,-1.0,2387
10430,1840430,17032,-560,912,17065.59,27.07,-1.00,-1.0,2367
10433,1840433,17136,-568,896,17168.81,27.02,-1.00,-1.0,2434
10435,1840435,17044,-692,772,17075.50,27.02,-1.00,-1.0,2368
10438,1840438,17072,-528,784,17098.15,27.12,-1.00,-1.0,2421
10441,1840441,17048,-572,924,17082.60,27.17,-1.00,-1.0,2376
10444,1840444,17052,-568,940,17087.33,27.12,-1.00,-1.0,2420
10447,1840447,17080,-564,928,17114.49,27.12,-1.00,-1.0,2368
10452,1840452,17028,-640,964,17067.27,27.07,-1.00,-1.0,2422
10454,1840454,16912,-628,952,16950.41,26.98,-1.00,-1.0,2371
10457,1840457,17008,-520,1064,17049.18,27.12,-1.00,-1.0,2437
10460,1840460,16924,-660,952,16963.60,27.07,-1.00,-1.0,2367
10463,1840463,17096,-672,1024,17139.82,27.12,-1.00,-1.0,2421
10465,1840465,17060,-532,996,17097.33,27.02,-1.00,-1.0,2368
10468,1840468,16900,-508,984,16936.24,27.02,-1.00,-1.0,2421
10471,1840471,17008,-516,988,17044.48,27.17,-1.00,-1.0,2367
10476,1840476,17092,-588,936,17127.71,27.07,-1.00,-1.0,2430
10479,1840479,17004,-556,904,17037.09,27.17,-1.00,-1.0,2376
10481,1840481,16964,-484,1040,17002.74,27.12,-1.00,-1.0,2365
10484,1840484,17016,-604,920,17051.55,27.02,-1.00,-1.0,2434
10487,1840487,17000,-552,928,17034.26,27.07,-1.00,-1.0,2366
10490,1840490,17032,-544,896,17064.22,27.02,-1.00,-1.0,2420
10492,1840492,17068,-564,912,17101.65,27.02,-1.00,-1.0,2368
10495,1840495,17164,-560,860,17194.65,27.12,-1.00,-1.0,2421
10498,1840498,17020,-564,744,17045.59,27.07,-1.00,-1.0,2367
10503,1840503,17012,-492,676,17032.53,27.07,-1.00,-1.0,2425
10505,1840505,17080,-556,948,17115.32,27.17,-1.00,-1.0,2379
10508,1840508,17028,-552,948,17063.30,27.12,-1.00,-1.0,2434
10511,1840511,16980,-512,896,17011.33,27.02,-1.00,-1.0,2373
10514,1840514,17036,-528,956,17070.97,27.02,-1.00,-1.0,2420
10517,1840517,17004,-656,1044,17048.64,27.21,-1.00,-1.0,2369
10519,1840519,16904,-592,1032,16945.82,27.12,-1.00,-1.0,2421
10522,1840522,17004,-632,1048,17047.98,27.12,-1.00,-1.0,2370
10527,1840527,17016,-520,928,17049.22,27.17,-1.00,-1.0,2410
10530,1840530,17128,-552,964,17163.98,27.17,-1.00,-1.0,2375
10532,1840532,17060,-532,940,17094.16,27.02,-1.00,-1.0,2365
10535,1840535,16996,-628,968,17035.12,27.02,-1.00,-1.0,2434
10538,1840538,16996,-584,964,17033.33,27.02,-1.00,-1.0,2366
10541,1840541,16992,-556,940,17027.06,27.07,-1.00,-1.0,2421
10543,1840543,17080,-524,1068,17121.38,27.12,-1.00,-1.0,2368
10546,1840546,16956,-636,1000,16997.37,27.17,-1.00,-1.0,2421
10549,1840549,17000,-580,1012,17039.97,27.21,-1.00,-1.0,2366
10554,1840554,16956,-596,892,16989.90,27.07,-1.00,-1.0,2424
10556,1840556,17100,-548,808,17127.85,27.02,-1.00,-1.0,2378
10559,1840559,17076,-572,1144,17123.83,27.12,-1.00,-1.0,2434
10562,1840562,17032,-600,808,17061.71,27.12,-1.00,-1.0,2368
10565,1840565,17072,-512,808,17098.78,27.12,-1.00,-1.0,2421
10567,1840567,17028,-532,1036,17067.78,27.12,-1.00,-1.0,2370
10570,1840570,17028,-544,824,17056.60,27.12,-1.00,-1.0,2420
10573,1840573,17112,-556,864,17142.82,27.02,-1.00,-1.0,2372
10578,1840578,17000,-620,756,17028.09,27.12,-1.00,-1.0,2429
10581,1840581,16916,-524,944,16950.42,27.07,-1.00,-1.0,2375
10583,1840583,17104,-568,868,17135.43,27.12,-1.00,-1.0,2365
10586,1840586,16996,-576,940,17031.72,26.98,-1.00,-1.0,2434
10589,1840589,16992,-532,1016,17030.66,27.12,-1.00,-1.0,2367
10592,1840592,17060,-560,1032,17100.36,27.07,-1.00,-1.0,2408
10594,1840594,16984,-576,988,17022.46,27.02,-1.00,-1.0,2368
10597,1840597,17060,-592,944,17096.35,26.98,-1.00,-1.0,2422
10600,1840600,17120,-572,1000,17158.72,27.02,-1.00,-1.0,2365
10605,1840605,17080,-496,920,17111.95,27.07,-1.00,-1.0,2422
10607,1840607,17012,-604,872,17045.04,27.07,-1.00,-1.0,2372
10610,1840610,17032,-568,940,17067.37,26.98,-1.00,-1.0,2434
10613,1840613,17032,-488,948,17065.34,27.07,-1.00,-1.0,2368
10616,1840616,16960,-568,976,16997.55,27.07,-1.00,-1.0,2421
10618,1840618,17080,-648,756,17109.00,27.07,-1.00,-1.0,2369
10621,1840621,17024,-564,1072,17067.04,27.07,-1.00,-1.0,2420
10624,1840624,17020,-540,992,17057.43,27.17,-1.00,-1.0,2367
10628,1840628,17016,-640,892,17051.38,27.12,-1.00,-1.0,2430
10631,1840631,16936,-528,836,16964.84,27.12,-1.00,-1.0,2386
10634,1840634,16996,-524,844,17025.01,27.07,-1.00,-1.0,2366
10637,1840637,17008,-572,852,17038.93,27.17,-1.00,-1.0,2434
10639,1840639,17024,-584,896,17057.56,27.07,-1.00,-1.0,2368
10642,1840642,17028,-576,1024,17068.48,27.12,-1.00,-1.0,2421
10645,1840645,17072,-604,760,17099.58,27.07,-1.00,-1.0,2376
10648,1840648,16976,-604,944,17012.95,27.07,-1.00,-1.0,2420
10651,1840651,16964,-600,980,17002.87,27.07,-1.00,-1.0,2366
10656,1840656,16924,-540,944,16958.91,27.12,-1.00,-1.0,2433
10658,1840658,17052,-600,972,17090.22,27.02,-1.00,-1.0,2379
10661,1840661,17060,-520,784,17085.92,27.07,-1.00,-1.0,2434
10664,1840664,17044,-484,824,17070.77,27.02,-1.00,-1.0,2369
10667,1840667,16988,-516,980,17024.06,26.98,-1.00,-1.0,2423
10669,1840669,17024,-588,980,17062.32,27.07,-1.00,-1.0,2371
10672,1840672,16944,-544,992,16981.73,27.07,-1.00,-1.0,2421
10675,1840675,17020,-584,1024,17060.78,27.17,-1.00,-1.0,2368
10678,1840678,16984,-552,944,17019.17,27.17,-1.00,-1.0,2367
10683,1840683,17004,-636,980,17044.09,26.98,-1.00,-1.0,2424
10685,1840685,16992,-588,944,17028.36,27.07,-1.00,-1.0,2381
10688,1840688,17020,-480,860,17048.47,27.07,-1.00,-1.0,2434
10691,1840691,17032,-612,884,17065.90,27.07,-1.00,-1.0,2368
10694,1840694,17036,-556,876,17067.57,27.07,-1.00,-1.0,2421
10696,1840696,17060,-536,820,17088.10,27.07,-1.00,-1.0,2357
10699,1840699,17028,-532,1024,17067.05,27.07,-1.00,-1.0,2421
10702,1840702,17052,-632,888,17086.80,27.07,-1.00,-1.0,2369
10707,1840707,16972,-576,908,17006.03,27.17,-1.00,-1.0,2416
10710,1840710,16960,-576,832,16990.16,27.12,-1.00,-1.0,2376
10713,1840713,17000,-552,896,17032.54,27.07,-1.00,-1.0,2436
10715,1840715,16944,-580,860,16975.72,27.07,-1.00,-1.0,2376
10718,1840718,17100,-576,964,17136.83,27.07,-1.00,-1.0,2424
10721,1840721,16988,-556,1068,17030.62,27.07,-1.00,-1.0,2370
10724,1840724,17016,-596,1032,17057.68,27.07,-1.00,-1.0,2421
10726,1840726,17052,-556,980,17089.19,26.98,-1.00,-1.0,2356
10729,1840729,16952,-496,928,16984.62,27.12,-1.00,-1.0,2373
10734,1840734,17020,-576,888,17052.88,27.07,-1.00,-1.0,2469
10737,1840737,16996,-620,896,17030.89,27.07,-1.00,-1.0,2370
10739,1840739,17060,-524,1032,17099.22,27.17,-1.00,-1.0,2411
10742,1840742,17044,-536,1008,17082.19,27.07,-1.00,-1.0,2374
10745,1840745,17076,-552,908,17109.03,27.07,-1.00,-1.0,2426
10748,1840748,17008,-740,924,17049.15,27.07,-1.00,-1.0,2366
10750,1840750,17092,-492,996,17128.06,27.07,-1.00,-1.0,2417
10753,1840753,17028,-620,876,17061.79,26.98,-1.00,-1.0,2374
10758,1840758,17080,-572,892,17112.84,27.17,-1.00,-1.0,2458
10761,1840761,17028,-588,880,17060.86,27.07,-1.00,-1.0,2375
10764,1840764,17024,-532,904,17056.28,27.07,-1.00,-1.0,2432
10766,1840766,16964,-548,876,16995.44,27.07,-1.00,-1.0,2379
10769,1840769,16980,-532,848,17009.48,27.07,-1.00,-1.0,2419
10772,1840772,16984,-624,940,17021.43,26.98,-1.00,-1.0,2372
10775,1840775,17000,-492,1036,17038.64,27.07,-1.00,-1.0,2427
10777,1840777,16948,-532,924,16981.50,27.07,-1.00,-1.0,2376
10780,1840780,17020,-520,872,17050.25,27.02,-1.00,-1.0,2362
10785,1840785,17048,-544,952,17083.22,27.12,-1.00,-1.0,2442
10788,1840788,17044,-640,972,17083.69,27.12,-1.00,-1.0,2368
10791,1840791,16956,-528,856,16985.80,27.12,-1.00,-1.0,2422
10793,1840793,17032,-588,988,17070.76,27.02,-1.00,-1.0,2369
10796,1840796,16992,-604,944,17028.92,27.12,-1.00,-1.0,2423
10799,1840799,16992,-556,892,17024.48,27.12,-1.00,-1.0,2368
10802,1840802,16960,-616,876,16993.78,27.02,-1.00,-1.0,2422
10804,1840804,17132,-696,848,17167.09,27.12,-1.00,-1.0,2369
10810,1840810,17028,-612,972,17066.70,27.21,-1.00,-1.0,2445
10812,1840812,17080,-396,896,17108.07,27.07,-1.00,-1.0,2379
10815,1840815,17036,-524,920,17068.87,27.02,-1.00,-1.0,2422
10818,1840818,17012,-548,1080,17055.05,27.12,-1.00,-1.0,2372
10821,1840821,17132,-648,872,17166.41,27.12,-1.00,-1.0,2422
10823,1840823,17080,-500,920,17112.07,27.07,-1.00,-1.0,2371
10826,1840826,17084,-600,1100,17129.89,27.12,-1.00,-1.0,2422
10829,1840829,17100,-584,868,17131.97,27.02,-1.00,-1.0,2370
10832,1840832,16940,-564,888,16972.63,27.07,-1.00,-1.0,2367
10836,1840836,17124,-536,932,17157.72,27.12,-1.00,-1.0,2429
10839,1840839,16960,-568,944,16995.75,27.12,-1.00,-1.0,2369
10842,1840842,17120,-608,1048,17162.82,27.07,-1.00,-1.0,2429
10845,1840845,17012,-620,828,17043.42,27.02,-1.00,-1.0,2368
10847,1840847,16988,-544,912,17021.16,27.07,-1.00,-1.0,2423
10850,1840850,17076,-572,948,17111.86,27.02,-1.00,-1.0,2370
10853,1840853,17048,-524,888,17079.15,27.07,-1.00,-1.0,2429
10856,1840856,16972,-604,912,17007.21,27.12,-1.00,-1.0,2369
10861,1840861,17048,-588,1044,17090.05,27.12,-1.00,-1.0,2444
10863,1840863,16988,-544,984,17025.17,27.12,-1.00,-1.0,2368
10866,1840866,17080,-568,880,17112.08,27.07,-1.00,-1.0,2421
10869,1840869,16960,-556,836,16989.69,27.02,-1.00,-1.0,2367
10872,1840872,17000,-496,864,17029.17,27.07,-1.00,-1.0,2422
10874,1840874,17080,-600,848,17111.56,27.12,-1.00,-1.0,2370
10877,1840877,17088,-664,968,17128.27,27.07,-1.00,-1.0,2423
10880,1840880,17020,-656,912,17057.04,27.02,-1.00,-1.0,2368
10882,1840882,17020,-560,940,17055.13,27.07,-1.00,-1.0,2368
10887,1840887,17056,-700,896,17093.86,27.07,-1.00,-1.0,2445
10890,1840890,17080,-604,904,17114.57,27.07,-1.00,-1.0,2369
10893,1840893,17064,-556,916,17097.61,27.07,-1.00,-1.0,2430
10896,1840896,17052,-600,956,17089.31,27.07,-1.00,-1.0,2368
10898,1840898,16984,-576,908,17018.01,27.07,-1.00,-1.0,2429
10901,1840901,17104,-576,740,17129.69,27.07,-1.00,-1.0,2370
10904,1840904,17072,-568,1124,17118.39,27.21,-1.00,-1.0,2428
10907,1840907,17052,-524,984,17088.40,27.07,-1.00,-1.0,2370
10912,1840912,17096,-552,1036,17136.25,27.17,-1.00,-1.0,2441
10915,1840915,17016,-532,932,17049.81,27.07,-1.00,-1.0,2369
10917,1840917,17000,-584,860,17031.75,27.17,-1.00,-1.0,2422
10920,1840920,16948,-520,956,16982.90,26.98,-1.00,-1.0,2369
10923,1840923,17004,-500,832,17031.68,27.07,-1.00,-1.0,2429
10926,1840926,17096,-540,924,17129.46,27.17,-1.00,-1.0,2368
10928,1840928,16952,-684,876,16988.39,27.02,-1.00,-1.0,2373
10931,1840931,17052,-628,904,17087.49,27.12,-1.00,-1.0,2425
10934,1840934,17004,-536,944,17038.62,27.12,-1.00,-1.0,2369
10939,1840939,17016,-556,928,17050.35,26.98,-1.00,-1.0,2441
10941,1840941,17044,-592,896,17077.80,27.07,-1.00,-1.0,2368
10944,1840944,16980,-588,908,17014.42,27.12,-1.00,-1.0,2422
10947,1840947,16952,-696,1076,17000.37,27.07,-1.00,-1.0,2376
10950,1840950,17080,-616,1156,17130.15,27.02,-1.00,-1.0,2421
10952,1840952,17036,-556,872,17067.36,27.07,-1.00,-1.0,2369
10955,1840955,16984,-576,852,17015.11,27.12,-1.00,-1.0,2422
10958,1840958,16908,-540,896,16940.33,27.07,-1.00,-1.0,2377
10963,1840963,17004,-592,828,17034.44,27.07,-1.00,-1.0,2448
10966,1840966,16944,-580,892,16977.37,27.07,-1.00,-1.0,2369
10968,1840968,17036,-580,956,17072.66,27.17,-1.00,-1.0,2422
10971,1840971,17000,-684,964,17041.04,27.17,-1.00,-1.0,2369
10974,1840974,17004,-636,992,17044.78,27.02,-1.00,-1.0,2424
10977,1840977,17060,-556,1076,17102.94,27.07,-1.00,-1.0,2368
10979,1840979,17084,-556,856,17114.46,27.02,-1.00,-1.0,2372
10982,1840982,17072,-500,940,17105.17,27.17,-1.00,-1.0,2412
10985,1840985,17020,-564,1000,17058.68,27.12,-1.00,-1.0,2369
10990,1840990,16980,-608,948,17017.31,27.12,-1.00,-1.0,2444
10992,1840992,17136,-568,940,17171.16,27.07,-1.00,-1.0,2368
10995,1840995,17088,-512,960,17122.60,27.12,-1.00,-1.0,2422
10998,1840998,17112,-504,876,17141.82,27.12,-1.00,-1.0,2377
11001,1841001,17044,-568,988,17082.06,27.02,-1.00,-1.0,2422
11003,1841003,17036,-560,1028,17076.17,27.12,-1.00,-1.0,2372
11006,1841006,17104,-688,868,17139.82,27.12,-1.00,-1.0,2428
11009,1841009,16996,-592,984,17034.75,27.12,-1.00,-1.0,2372
11014,1841014,17076,-524,908,17108.15,27.07,-1.00,-1.0,2445
11016,1841016,16960,-528,976,16996.26,27.12,-1.00,-1.0,2375
11019,1841019,16976,-508,1008,17013.49,27.07,-1.00,-1.0,2416
11022,1841022,16960,-560,824,16989.24,27.12,-1.00,-1.0,2377
11025,1841025,17096,-700,932,17135.69,27.07,-1.00,-1.0,2435
11027,1841027,16960,-560,888,16992.46,27.07,-1.00,-1.0,2377
11030,1841030,17040,-556,1096,17084.26,27.02,-1.00,-1.0,2365
11033,1841033,17096,-616,800,17125.79,27.02,-1.00,-1.0,2428
11036,1841036,17080,-592,976,17118.10,27.12,-1.00,-1.0,2368
11040,1841040,17056,-500,876,17085.80,27.07,-1.00,-1.0,2451
11043,1841043,17000,-504,796,17026.09,26.98,-1.00,-1.0,2375
11046,1841046,17044,-564,956,17080.10,27.07,-1.00,-1.0,2422
11048,1841048,16960,-612,920,16995.96,26.98,-1.00,-1.0,2375
11051,1841051,16980,-572,880,17012.41,27.07,-1.00,-1.0,2422
11054,1841054,16988,-600,952,17025.23,27.07,-1.00,-1.0,2370
11057,1841057,17036,-528,1000,17073.49,27.02,-1.00,-1.0,2422
11059,1841059,17152,-604,924,17187.49,27.07,-1.00,-1.0,2376
11064,1841064,17048,-508,896,17079.09,27.07,-1.00,-1.0,2450
11067,1841067,17080,-552,928,17114.10,27.07,-1.00,-1.0,2383
11070,1841070,17072,-592,912,17106.59,27.07,-1.00,-1.0,2423
11073,1841073,16932,-504,928,16964.90,27.07,-1.00,-1.0,2372
11075,1841075,16964,-556,848,16994.28,26.98,-1.00,-1.0,2409
11078,1841078,17108,-592,928,17143.38,26.98,-1.00,-1.0,2384
11081,1841081,17048,-616,904,17083.06,27.17,-1.00,-1.0,2433
11084,1841084,17140,-588,908,17174.10,27.12,-1.00,-1.0,2429
11087,1841087,16992,-500,1024,17030.17,27.12,-1.00,-1.0,2367
11092,1841092,17024,-652,1032,17067.71,27.12,-1.00,-1.0,2441
11094,1841094,17004,-620,1060,17048.29,27.07,-1.00,-1.0,2368
11097,1841097,17056,-604,780,17084.51,27.12,-1.00,-1.0,2422
11100,1841100,16992,-612,964,17030.32,27.12,-1.00,-1.0,2367
11103,1841103,17064,-608,972,17102.47,27.12,-1.00,-1.0,2422
11105,1841105,16960,-580,964,16997.27,27.07,-1.00,-1.0,2369
11108,1841108,16972,-588,1072,17015.98,27.02,-1.00,-1.0,2421
11111,1841111,17036,-652,868,17070.55,27.12,-1.00,-1.0,2367
11116,1841116,17032,-580,908,17066.04,27.12,-1.00,-1.0,2445
11118,1841118,16996,-596,964,17033.75,27.12,-1.00,-1.0,2375
11121,1841121,17120,-516,980,17155.79,27.02,-1.00,-1.0,2422
11124,1841124,17004,-580,1108,17049.93,27.02,-1.00,-1.0,2370
11127,1841127,17100,-540,908,17132.60,27.02,-1.00,-1.0,2421
11129,1841129,17076,-428,908,17105.48,27.12,-1.00,-1.0,2374
11132,1841132,17004,-608,848,17035.98,27.07,-1.00,-1.0,2365
11135,1841135,17080,-508,936,17113.17,27.07,-1.00,-1.0,2430
11138,1841138,16968,-560,928,17002.58,27.07,-1.00,-1.0,2368
11143,1841143,17064,-564,1016,17103.52,27.07,-1.00,-1.0,2440
11145,1841145,17088,-564,856,17118.72,27.02,-1.00,-1.0,2353
11148,1841148,16992,-532,964,17027.64,27.17,-1.00,-1.0,2421
11151,1841151,17028,-464,1024,17065.07,27.02,-1.00,-1.0,2367
11154,1841154,17084,-500,1044,17123.17,27.07,-1.00,-1.0,2421
11156,1841156,17004,-532,816,17031.88,27.07,-1.00,-1.0,2368
11159,1841159,17024,-512,944,17057.84,26.98,-1.00,-1.0,2421
11162,1841162,17040,-636,960,17078.87,27.17,-1.00,-1.0,2367
11167,1841167,17032,-712,908,17071.04,27.17,-1.00,-1.0,2440
11170,1841170,17108,-544,1004,17146.07,27.12,-1.00,-1.0,2368
11172,1841172,17060,-600,952,17097.07,27.07,-1.00,-1.0,2421
11175,1841175,17028,-492,732,17050.83,27.07,-1.00,-1.0,2368
11178,1841178,16992,-536,876,17023.01,27.07,-1.00,-1.0,2428
11181,1841181,16996,-604,1088,17041.50,27.17,-1.00,-1.0,2368
11183,1841183,17016,-468,884,17045.37,27.07,-1.00,-1.0,2376
11186,1841186,16948,-592,868,16980.54,27.02,-1.00,-1.0,2410
11189,1841189,16972,-588,944,17008.40,27.07,-1.00,-1.0,2368
11194,1841194,17024,-632,780,17053.57,27.07,-1.00,-1.0,2441
11196,1841196,16944,-568,948,16980.00,27.07,-1.00,-1.0,2371
11199,1841199,16972,-572,956,17008.53,27.12,-1.00,-1.0,2436
11202,1841202,17080,-604,940,17116.51,27.12,-1.00,-1.0,2379
11205,1841205,17060,-644,960,17099.12,27.21,-1.00,-1.0,2430
11207,1841207,17064,-564,960,17100.29,27.02,-1.00,-1.0,2371
11210,1841210,17140,-572,872,17171.70,27.12,-1.00,-1.0,2431
11213,1841213,17020,-580,1012,17059.92,27.12,-1.00,-1.0,2375
11218,1841218,17004,-652,1056,17049.23,27.07,-1.00,-1.0,2443
11220,1841220,16940,-452,880,16968.86,27.02,-1.00,-1.0,2375
11223,1841223,17040,-632,1012,17081.72,27.07,-1.00,-1.0,2421
11226,1841226,17072,-532,800,17099.01,27.17,-1.00,-1.0,2369
11229,1841229,16984,-580,932,17019.44,27.07,-1.00,-1.0,2421
11231,1841231,16992,-520,836,17020.50,27.07,-1.00,-1.0,2370
11234,1841234,16948,-520,940,16982.01,27.07,-1.00,-1.0,2370
11237,1841237,17072,-448,924,17102.86,27.02,-1.00,-1.0,2427
11240,1841240,17008,-540,972,17044.31,27.02,-1.00,-1.0,2367
11244,1841244,17140,-504,956,17174.04,26.98,-1.00,-1.0,2440
11247,1841247,17104,-580,1008,17143.49,26.98,-1.00,-1.0,2368
11250,1841250,17100,-556,804,17127.92,27.07,-1.00,-1.0,2428
11253,1841253,17012,-516,944,17045.98,27.17,-1.00,-1.0,2367
11255,1841255,16980,-576,1036,17021.32,27.12,-1.00,-1.0,2422
11258,1841258,17000,-544,1148,17047.40,26.98,-1.00,-1.0,2370
11261,1841261,16992,-548,1000,17030.22,27.02,-1.00,-1.0,2429
11264,1841264,17012,-528,896,17043.76,27.07,-1.00,-1.0,2367
11269,1841269,17020,-568,908,17053.66,27.07,-1.00,-1.0,2440
11271,1841271,17056,-624,964,17094.61,27.07,-1.00,-1.0,2368
11274,1841274,17092,-576,944,17127.74,27.07,-1.00,-1.0,2421
11277,1841277,17072,-476,976,17106.50,27.17,-1.00,-1.0,2367
11280,1841280,16944,-656,888,16979.93,27.12,-1.00,-1.0,2421
11282,1841282,17020,-580,896,17053.43,27.07,-1.00,-1.0,2368
11285,1841285,17012,-548,888,17043.97,27.02,-1.00,-1.0,2376
11288,1841288,16928,-604,900,16962.66,27.07,-1.00,-1.0,2431
11290,1841290,17036,-632,928,17072.96,27.12,-1.00,-1.0,2374
11295,1841295,17072,-568,912,17105.78,27.12,-1.00,-1.0,2442
11298,1841298,17056,-472,992,17091.34,27.12,-1.00,-1.0,2367
11301,1841301,17020,-620,992,17060.15,27.07,-1.00,-1.0,2425
11304,1841304,16924,-568,1028,16964.70,27.12,-1.00,-1.0,2367
11306,1841306,17036,-596,1036,17077.88,27.17,-1.00,-1.0,2431
11309,1841309,17036,-652,1028,17079.44,27.07,-1.00,-1.0,2427
11312,1841312,17060,-612,972,17098.62,27.07,-1.00,-1.0,2429
11315,1841315,17056,-556,976,17092.95,27.02,-1.00,-1.0,2386
11320,1841320,17072,-616,940,17108.95,27.12,-1.00,-1.0,2439
11323,1841323,17040,-620,940,17077.17,27.12,-1.00,-1.0,2369
11326,1841326,16992,-596,1048,17034.72,27.02,-1.00,-1.0,2421
11328,1841328,17152,-556,1108,17196.74,27.12,-1.00,-1.0,2371
11331,1841331,17096,-560,1080,17139.23,27.12,-1.00,-1.0,2419
11334,1841334,16940,-592,948,16976.83,27.12,-1.00,-1.0,2371
11336,1841336,16876,-596,956,16913.56,26.98,-1.00,-1.0,2377
11339,1841339,16992,-604,1088,17037.51,27.17,-1.00,-1.0,2419
11342,1841342,17040,-548,916,17073.40,26.98,-1.00,-1.0,2360
11347,1841347,17076,-488,980,17111.06,27.07,-1.00,-1.0,2445
11350,1841350,16984,-616,916,17019.83,27.12,-1.00,-1.0,2370
11352,1841352,17008,-612,1024,17049.79,27.17,-1.00,-1.0,2428
11355,1841355,17092,-524,904,17123.91,27.07,-1.00,-1.0,2371
11358,1841358,17024,-508,1064,17064.78,27.07,-1.00,-1.0,2422
11361,1841361,16968,-500,784,16993.46,27.17,-1.00,-1.0,2372
11363,1841363,17012,-504,872,17041.79,27.07,-1.00,-1.0,2429
11366,1841366,17044,-536,992,17081.26,27.07,-1.00,-1.0,2378
11371,1841371,17056,-464,972,17089.97,27.07,-1.00,-1.0,2437
11374,1841374,17032,-516,964,17067.06,27.12,-1.00,-1.0,2378
11377,1841377,17020,-580,908,17054.07,27.07,-1.00,-1.0,2419
11379,1841379,17080,-620,880,17113.89,27.17,-1.00,-1.0,2373
11382,1841382,17092,-512,1044,17131.51,27.17,-1.00,-1.0,2434
11385,1841385,16960,-628,904,16995.68,27.07,-1.00,-1.0,2367
11387,1841387,17012,-568,944,17047.64,27.02,-1.00,-1.0,2369
11390,1841390,17068,-576,1024,17108.39,27.12,-1.00,-1.0,2419
11393,1841393,16960,-640,920,16996.99,26.98,-1.00,-1.0,2371
11398,1841398,16988,-632,980,17027.98,27.07,-1.00,-1.0,2440
11401,1841401,17004,-536,892,17035.81,27.07,-1.00,-1.0,2375
11403,1841403,16928,-552,884,16960.05,27.12,-1.00,-1.0,2420
11406,1841406,17004,-468,1100,17045.97,27.07,-1.00,-1.0,2385
11409,1841409,17000,-544,940,17034.66,27.02,-1.00,-1.0,2420
11412,1841412,17100,-580,1000,17139.03,27.17,-1.00,-1.0,2373
11415,1841415,16972,-552,860,17002.74,27.12,-1.00,-1.0,2421
11417,1841417,16964,-660,1024,17007.69,27.02,-1.00,-1.0,2373
11422,1841422,17036,-580,1060,17078.80,27.02,-1.00,-1.0,2437
11425,1841425,17032,-528,892,17063.51,27.02,-1.00,-1.0,2373
11428,1841428,17060,-508,1020,17098.01,27.07,-1.00,-1.0,2418
11430,1841430,17048,-564,1088,17091.99,27.12,-1.00,-1.0,2371
11433,1841433,17000,-600,840,17031.31,27.17,-1.00,-1.0,2419
11436,1841436,17116,-568,984,17153.67,27.12,-1.00,-1.0,2371
11439,1841439,17012,-692,888,17049.21,27.07,-1.00,-1.0,2405
11441,1841441,16944,-580,1044,16986.04,27.12,-1.00,-1.0,2371
11444,1841444,17012,-620,740,17039.37,27.17,-1.00,-1.0,2376
11449,1841449,17052,-584,824,17081.88,27.17,-1.00,-1.0,2438
11451,1841451,17056,-556,920,17089.84,27.02,-1.00,-1.0,2370
11454,1841454,17020,-464,1068,17059.79,27.07,-1.00,-1.0,2418
11457,1841457,17004,-528,960,17039.26,27.12,-1.00,-1.0,2369
11460,1841460,17044,-520,1000,17081.23,27.07,-1.00,-1.0,2406
11462,1841462,17044,-600,872,17076.84,27.12,-1.00,-1.0,2371
11465,1841465,17220,-608,1012,17260.42,27.07,-1.00,-1.0,2419
11468,1841468,17080,-612,824,17110.81,27.02,-1.00,-1.0,2369
11473,1841473,17028,-492,968,17062.59,27.02,-1.00,-1.0,2440
11475,1841475,17000,-616,1016,17041.47,27.12,-1.00,-1.0,2377
11478,1841478,17020,-496,864,17049.13,27.07,-1.00,-1.0,2419
11481,1841481,16996,-592,972,17034.06,27.02,-1.00,-1.0,2372
11484,1841484,16948,-524,948,16982.58,27.07,-1.00,-1.0,2418
11486,1841486,17080,-524,1052,17120.39,27.12,-1.00,-1.0,2364
11489,1841489,17080,-616,1032,17122.23,27.17,-1.00,-1.0,2418
11492,1841492,17040,-528,944,17074.29,27.12,-1.00,-1.0,2374
11495,1841495,17108,-512,968,17143.01,27.07,-1.00,-1.0,2367
11500,1841500,17072,-608,936,17108.45,27.07,-1.00,-1.0,2438
11502,1841502,16972,-624,860,17005.23,27.07,-1.00,-1.0,2370
11505,1841505,17084,-532,884,17115.12,27.17,-1.00,-1.0,2419
11508,1841508,17060,-544,992,17097.47,27.12,-1.00,-1.0,2434
11511,1841511,17016,-552,888,17048.09,27.07,-1.00,-1.0,2424
11514,1841514,16924,-492,948,16957.67,27.07,-1.00,-1.0,2373
11516,1841516,16968,-600,1140,17016.83,27.07,-1.00,-1.0,2418
11519,1841519,16980,-568,992,17018.43,27.17,-1.00,-1.0,2374
11524,1841524,17060,-644,908,17096.28,27.07,-1.00,-1.0,2443
11527,1841527,16972,-508,944,17005.82,27.12,-1.00,-1.0,2368
11530,1841530,17064,-524,924,17097.03,27.07,-1.00,-1.0,2421
11532,1841532,17048,-556,920,17081.86,27.07,-1.00,-1.0,2369
11535,1841535,17000,-584,1020,17040.58,27.07,-1.00,-1.0,2408
11538,1841538,17104,-612,876,17137.35,26.98,-1.00,-1.0,2370
11541,1841541,17068,-668,856,17102.50,27.17,-1.00,-1.0,2422
11543,1841543,17092,-544,896,17124.11,26.98,-1.00,-1.0,2369
11546,1841546,17000,-580,960,17036.96,27.07,-1.00,-1.0,2373
11551,1841551,17116,-488,948,17149.18,27.17,-1.00,-1.0,2448
11554,1841554,17020,-568,960,17056.51,27.07,-1.00,-1.0,2367
11556,1841556,16988,-616,972,17026.93,27.21,-1.00,-1.0,2422
11559,1841559,16952,-564,1000,16990.83,27.07,-1.00,-1.0,2368
11562,1841562,16972,-612,980,17011.28,27.12,-1.00,-1.0,2423
11565,1841565,17040,-640,1068,17085.43,27.07,-1.00,-1.0,2368
11567,1841567,17048,-520,888,17079.03,27.12,-1.00,-1.0,2421
11570,1841570,16968,-552,916,17001.67,27.12,-1.00,-1.0,2369
11575,1841575,16972,-528,932,17005.77,27.07,-1.00,-1.0,2441
11578,1841578,16956,-516,1060,16996.94,27.17,-1.00,-1.0,2367
11581,1841581,17056,-540,888,17087.63,27.12,-1.00,-1.0,2408
11583,1841583,17088,-636,860,17121.44,27.17,-1.00,-1.0,2369
11586,1841586,17080,-496,1008,17116.91,27.12,-1.00,-1.0,2421
11589,1841589,16968,-516,996,17005.04,27.07,-1.00,-1.0,2367
11592,1841592,17020,-540,948,17054.93,27.12,-1.00,-1.0,2421
11594,1841594,17004,-528,980,17040.40,27.07,-1.00,-1.0,2369
11597,1841597,17148,-560,944,17183.09,27.12,-1.00,-1.0,2378
11602,1841602,16928,-512,948,16962.25,27.12,-1.00,-1.0,2447
11605,1841605,17028,-576,1088,17072.44,27.02,-1.00,-1.0,2367
11607,1841607,17088,-532,1072,17129.86,27.07,-1.00,-1.0,2431
11610,1841610,17004,-528,884,17035.15,27.02,-1.00,-1.0,2377
11613,1841613,16996,-516,968,17031.36,27.17,-1.00,-1.0,2424
11616,1841616,17028,-608,1016,17069.12,27.12,-1.00,-1.0,2369
11618,1841618,16976,-468,884,17005.44,27.07,-1.00,-1.0,2429
11621,1841621,16996,-508,932,17029.11,27.17,-1.00,-1.0,2376
11627,1841627,17028,-564,932,17062.81,27.17,-1.00,-1.0,2459
11629,1841629,17144,-552,900,17176.48,27.07,-1.00,-1.0,2377
11632,1841632,17068,-572,1012,17107.54,27.02,-1.00,-1.0,2421
11635,1841635,17032,-476,888,17061.77,27.07,-1.00,-1.0,2355
11638,1841638,17028,-556,948,17063.43,27.17,-1.00,-1.0,2421
11640,1841640,17044,-648,868,17078.39,27.17,-1.00,-1.0,2375
11643,1841643,17116,-560,1048,17157.20,27.02,-1.00,-1.0,2421
11646,1841646,17052,-560,1024,17091.89,27.07,-1.00,-1.0,2375
11649,1841649,17008,-560,892,17040.58,27.12,-1.00,-1.0,2366
11653,1841653,17004,-640,920,17040.89,27.12,-1.00,-1.0,2441
11656,1841656,17040,-628,936,17077.24,27.12,-1.00,-1.0,2367
11659,1841659,17024,-484,976,17058.82,27.21,-1.00,-1.0,2426
11662,1841662,17032,-528,896,17063.72,27.12,-1.00,-1.0,2367
11664,1841664,17028,-552,1060,17069.89,27.02,-1.00,-1.0,2423
11667,1841667,17076,-624,860,17109.03,27.12,-1.00,-1.0,2368
11670,1841670,17104,-748,892,17143.57,27.02,-1.00,-1.0,2429
11673,1841673,17028,-596,928,17063.68,27.02,-1.00,-1.0,2368
11678,1841678,16968,-564,848,16998.54,27.12,-1.00,-1.0,2440
11680,1841680,16948,-560,940,16983.28,27.21,-1.00,-1.0,2367
11683,1841683,16896,-664,1036,16940.75,27.02,-1.00,-1.0,2422
11686,1841686,17012,-652,648,17036.82,27.07,-1.00,-1.0,2367
11689,1841689,17020,-584,960,17057.05,27.02,-1.00,-1.0,2420
11691,1841691,16992,-536,1092,17035.49,27.12,-1.00,-1.0,2369
11694,1841694,17096,-612,828,17126.98,27.02,-1.00,-1.0,2420
11697,1841697,17000,-532,948,17034.72,27.02,-1.00,-1.0,2367
11699,1841699,17056,-636,1056,17100.49,27.07,-1.00,-1.0,2368
11704,1841704,17016,-492,988,17051.76,27.07,-1.00,-1.0,2442
11707,1841707,17020,-576,1016,17060.02,27.17,-1.00,-1.0,2367
11710,1841710,17072,-588,968,17109.53,27.07,-1.00,-1.0,2427
11713,1841713,17052,-504,860,17081.11,27.17,-1.00,-1.0,2367
11715,1841715,16912,-544,1116,16957.51,27.07,-1.00,-1.0,2437
11718,1841718,17096,-596,908,17130.47,27.07,-1.00,-1.0,2369
11721,1841721,17040,-484,1036,17078.32,27.12,-1.00,-1.0,2429
11724,1841724,17052,-572,924,17086.59,27.17,-1.00,-1.0,2369
11729,1841729,17064,-520,912,17096.26,27.07,-1.00,-1.0,2441
11731,1841731,17040,-560,1008,17078.97,27.17,-1.00,-1.0,2367
11734,1841734,17032,-548,1036,17072.28,27.17,-1.00,-1.0,2429
11737,1841737,17012,-548,924,17045.89,27.07,-1.00,-1.0,2371
11740,1841740,17040,-552,848,17070.02,27.07,-1.00,-1.0,2421
11742,1841742,17004,-516,920,17036.69,27.17,-1.00,-1.0,2369
11745,1841745,16980,-560,920,17014.12,27.21,-1.00,-1.0,2436
11748,1841748,17000,-600,792,17029.01,27.17,-1.00,-1.0,2380
11750,1841750,17000,-516,864,17029.76,27.12,-1.00,-1.0,2369
11756,1841756,17004,-540,992,17041.47,27.17,-1.00,-1.0,2445
11758,1841758,17060,-632,892,17094.99,27.12,-1.00,-1.0,2371
11761,1841761,17096,-584,896,17129.42,27.02,-1.00,-1.0,2430
11764,1841764,17120,-616,920,17155.76,27.12,-1.00,-1.0,2376
11767,1841767,17060,-608,912,17095.18,27.02,-1.00,-1.0,2428
11769,1841769,17108,-536,1008,17146.05,27.02,-1.00,-1.0,2377
11772,1841772,17064,-556,1004,17102.55,27.17,-1.00,-1.0,2421
11775,1841775,16976,-616,968,17014.73,27.12,-1.00,-1.0,2369
11780,1841780,17056,-636,836,17088.32,27.12,-1.00,-1.0,2448
11783,1841783,17012,-560,984,17049.63,26.98,-1.00,-1.0,2367
11785,1841785,17004,-520,948,17038.34,27.12,-1.00,-1.0,2432
11788,1841788,17036,-532,960,17071.32,27.02,-1.00,-1.0,2376
11791,1841791,17072,-596,796,17100.94,27.12,-1.00,-1.0,2424
11794,1841794,17044,-572,960,17080.60,27.12,-1.00,-1.0,2371
11796,1841796,17016,-484,936,17048.60,27.12,-1.00,-1.0,2429
11799,1841799,17016,-544,1068,17058.16,27.12,-1.00,-1.0,2387
11802,1841802,16940,-584,1124,16987.29,27.07,-1.00,-1.0,2366
11807,1841807,17008,-632,832,17040.06,27.07,-1.00,-1.0,2441
11809,1841809,17056,-596,960,17093.39,27.07,-1.00,-1.0,2355
11812,1841812,17000,-648,756,17029.13,27.07,-1.00,-1.0,2421
11815,1841815,17056,-568,1120,17102.17,27.17,-1.00,-1.0,2368
11818,1841818,16988,-436,1036,17025.14,27.17,-1.00,-1.0,2421
11820,1841820,17108,-480,900,17138.38,27.17,-1.00,-1.0,2355
11823,1841823,17024,-548,832,17053.12,27.07,-1.00,-1.0,2421
11826,1841826,17064,-568,1036,17104.85,27.12,-1.00,-1.0,2426
11831,1841831,16972,-508,988,17008.32,27.17,-1.00,-1.0,2439
11834,1841834,17008,-632,920,17044.59,27.17,-1.00,-1.0,2370
11837,1841837,17040,-608,960,17077.85,27.17,-1.00,-1.0,2419
11839,1841839,17072,-612,972,17110.60,27.07,-1.00,-1.0,2371
11842,1841842,17044,-584,920,17078.80,27.07,-1.00,-1.0,2420
11845,1841845,17036,-520,956,17070.72,27.07,-1.00,-1.0,2374
11848,1841848,17092,-632,928,17128.84,27.07,-1.00,-1.0,2420
11850,1841850,16932,-624,916,16968.24,27.17,-1.00,-1.0,2371
11853,1841853,17072,-612,924,17107.94,27.12,-1.00,-1.0,2375
11858,1841858,17064,-624,964,17102.60,27.07,-1.00,-1.0,2439
11860,1841860,17076,-648,916,17112.82,27.07,-1.00,-1.0,2374
11863,1841863,17060,-624,944,17097.49,27.12,-1.00,-1.0,2420
11866,1841866,16992,-656,872,17027.00,27.07,-1.00,-1.0,2370
11869,1841869,17096,-552,996,17133.88,27.02,-1.00,-1.0,2421
11871,1841871,16936,-548,924,16970.04,27.07,-1.00,-1.0,2358
11874,1841874,16984,-664,844,17017.92,27.12,-1.00,-1.0,2419
11877,1841877,17092,-660,1076,17138.55,27.07,-1.00,-1.0,2370
11882,1841882,17072,-604,1072,17116.28,27.17,-1.00,-1.0,2438
11884,1841884,17072,-540,900,17104.23,27.17,-1.00,-1.0,2372
11887,1841887,17000,-572,996,17038.76,27.12,-1.00,-1.0,2418
11890,1841890,16948,-480,956,16981.73,27.07,-1.00,-1.0,2372
11893,1841893,17020,-600,868,17052.68,27.12,-1.00,-1.0,2418
11896,1841896,17124,-504,1048,17163.44,27.07,-1.00,-1.0,2373
11898,1841898,17004,-580,940,17039.84,27.12,-1.00,-1.0,2418
11901,1841901,17044,-480,832,17071.04,27.07,-1.00,-1.0,2371
11904,1841904,16944,-612,1024,16985.94,27.21,-1.00,-1.0,2366
11909,1841909,16996,-512,864,17025.65,27.02,-1.00,-1.0,2424
11911,1841911,17020,-632,1084,17066.19,27.12,-1.00,-1.0,2370
11914,1841914,17072,-536,900,17104.11,27.02,-1.00,-1.0,2418
11917,1841917,17184,-636,876,17218.06,27.02,-1.00,-1.0,2369
11920,1841920,16992,-456,844,17019.06,27.02,-1.00,-1.0,2418
11922,1841922,17044,-604,964,17081.92,27.02,-1.00,-1.0,2370
11925,1841925,17024,-604,876,17057.22,27.12,-1.00,-1.0,2419
11928,1841928,17096,-580,1000,17135.04,27.12,-1.00,-1.0,2371
11933,1841933,16952,-548,956,16987.78,27.02,-1.00,-1.0,2440
11936,1841936,17004,-492,1012,17041.19,27.17,-1.00,-1.0,2372
11938,1841938,17080,-588,1052,17122.47,27.12,-1.00,-1.0,2418
11941,1841941,17100,-460,876,17128.60,27.02,-1.00,-1.0,2357
11944,1841944,17132,-592,932,17167.54,27.12,-1.00,-1.0,2425
11947,1841947,16964,-620,1060,17008.39,27.07,-1.00,-1.0,2370
11949,1841949,17036,-532,1000,17073.62,27.12,-1.00,-1.0,2418
11952,1841952,17040,-536,928,17073.67,27.12,-1.00,-1.0,2358
11955,1841955,17060,-608,1048,17102.97,27.07,-1.00,-1.0,2367
11960,1841960,16992,-604,980,17030.95,27.12,-1.00,-1.0,2425
11962,1841962,17000,-568,920,17034.35,27.12,-1.00,-1.0,2370
11965,1841965,17048,-688,944,17087.97,27.07,-1.00,-1.0,2418
11968,1841968,16996,-508,896,17027.18,27.02,-1.00,-1.0,2370
11971,1841971,17008,-608,992,17047.75,27.17,-1.00,-1.0,2420
11973,1841973,17036,-564,956,17072.12,27.02,-1.00,-1.0,2370
11976,1841976,17016,-528,1096,17059.43,27.07,-1.00,-1.0,2419
11979,1841979,17132,-556,972,17168.56,27.02,-1.00,-1.0,2370
11984,1841984,17040,-588,912,17074.52,27.12,-1.00,-1.0,2438
11987,1841987,17040,-636,796,17070.43,27.12,-1.00,-1.0,2370
11989,1841989,17008,-508,852,17036.90,27.07,-1.00,-1.0,2419
11992,1841992,16944,-556,956,16980.05,27.12,-1.00,-1.0,2371
11995,1841995,16940,-628,1180,16992.66,27.07,-1.00,-1.0,2426
11998,1841998,16984,-540,988,17021.28,27.02,-1.00,-1.0,2370
12000,1842000,17056,-588,980,17094.25,27.07,-1.00,-1.0,2420
